0 0.459375 0.66875 0.0515625 0.0640625
0 0.396875 0.5796875 0.053125 0.06875
0 0.928125 0.675 0.0578125 0.0796875
0 0.95 0.8640625 0.0578125 0.084375
0 0.75 0.8 0.10625 0.0484375
0 0.7515625 0.953125 0.115625 0.0484375
0 0.740625 0.98671875 0.1125 0.0265625
0 0.103125 0.6609375 0.0890625 0.065625
0 0.125 0.615625 0.1015625 0.0640625
0 0.1203125 0.58125 0.1 0.0546875
0 0.125 0.5484375 0.1015625 0.053125
0 0.146875 0.4921875 0.10625 0.05625
0 0.9125 0.5171875 0.0484375 0.065625
0 0.90625 0.453125 0.040625 0.053125
0 0.9 0.390625 0.0421875 0.0625
0 0.89375 0.33125 0.04375 0.0640625
0 0.88125 0.228125 0.0421875 0.05625
0 0.8765625 0.178125 0.04375 0.0578125
0 0.871875 0.115625 0.0421875 0.0515625
0 0.4375 0.140625 0.04375 0.0484375
0 0.475 0.4109375 0.0453125 0.05625
0 0.30625 0.221875 0.0390625 0.05625
0 0.8703125 0.0734375 0.0375 0.04375
0 0.8671875 0.025 0.040625 0.0484375
0 0.95 0.9609375 0.059375 0.0765625
0 0.5140625 0.0375 0.0453125 0.0546875