0 0.4953125 0.8625 0.040625 0.0796875
0 0.40625 0.703125 0.09375 0.0515625
0 0.8109375 0.740625 0.090625 0.053125
0 0.115625 0.5953125 0.090625 0.05
0 0.2375 0.603125 0.071875 0.0421875
0 0.125 0.5375 0.0984375 0.046875
0 0.2421875 0.478125 0.0875 0.0578125
0 0.475 0.5 0.0828125 0.0453125
0 0.628125 0.5 0.0921875 0.05625
0 0.73125 0.5078125 0.0640625 0.040625
0 0.8484375 0.509375 0.08125 0.04375
0 0.89375 0.4609375 0.0796875 0.04375
0 0.79375 0.459375 0.0765625 0.0453125
0 0.7 0.453125 0.0734375 0.0453125
0 0.6015625 0.45 0.065625 0.0453125
0 0.509375 0.446875 0.0734375 0.0421875
0 0.4125 0.4421875 0.0640625 0.04375
0 0.321875 0.4375 0.0734375 0.0390625
0 0.0546875 0.7 0.075 0.0453125