0 0.49375 0.825 0.04375 0.0796875
0 0.8171875 0.69375 0.09375 0.0453125
0 0.1109375 0.5921875 0.0875 0.04375
0 0.234375 0.596875 0.075 0.0421875
0 0.121875 0.53125 0.090625 0.0453125
0 0.2390625 0.471875 0.0875 0.0546875
0 0.46875 0.490625 0.0859375 0.0421875
0 0.625 0.4921875 0.09375 0.05
0 0.7234375 0.5 0.059375 0.0359375
0 0.8453125 0.5015625 0.084375 0.040625
0 0.98125 0.459375 0.0359375 0.0453125
0 0.890625 0.4546875 0.08125 0.040625
0 0.7875 0.45 0.0765625 0.0421875
0 0.696875 0.446875 0.071875 0.04375
0 0.596875 0.44375 0.0640625 0.040625
0 0.5046875 0.440625 0.071875 0.0390625
0 0.409375 0.4359375 0.0640625 0.040625
0 0.31875 0.43125 0.0703125 0.040625
0 0.409375 0.703125 0.0734375 0.0421875