0 0.4953125 0.8921875 0.053125 0.084375
0 0.21875 0.7015625 0.096875 0.05
0 0.625 0.7453125 0.0890625 0.05625
0 0.115625 0.59375 0.0859375 0.0484375
0 0.2390625 0.603125 0.071875 0.0421875
0 0.128125 0.5375 0.0984375 0.0453125
0 0.246875 0.4796875 0.0859375 0.059375
0 0.475 0.5 0.0859375 0.04375
0 0.628125 0.503125 0.0953125 0.0546875
0 0.728125 0.509375 0.0578125 0.0390625
0 0.8515625 0.5109375 0.084375 0.04375
0 0.89375 0.4640625 0.0765625 0.046875
0 0.7953125 0.4625 0.075 0.0453125
0 0.7015625 0.45625 0.071875 0.04375
0 0.6046875 0.453125 0.065625 0.0453125
0 0.509375 0.446875 0.0734375 0.0421875
0 0.415625 0.44375 0.059375 0.040625
0 0.325 0.4390625 0.0703125 0.040625