0 0.184375 0.7203125 0.0890625 0.040625
0 0.0375 0.178125 0.0734375 0.078125
0 0.025 0.7640625 0.05 0.034375
0 0.1171875 0.76875 0.084375 0.0359375
0 0.20625 0.7734375 0.071875 0.0375
0 0.740625 0.784375 0.0765625 0.0390625
0 0.834375 0.784375 0.0640625 0.034375
0 0.934375 0.45625 0.0765625 0.0359375
0 0.840625 0.453125 0.0828125 0.034375
0 0.734375 0.45 0.078125 0.0359375
0 0.6328125 0.446875 0.065625 0.0359375
0 0.53125 0.44375 0.0890625 0.040625
0 0.4125 0.4421875 0.0671875 0.034375
0 0.296875 0.4375 0.0796875 0.0375
0 0.03125 0.43359375 0.0625 0.0328125