0 0.91875 0.6640625 0.075 0.034375
0 0.10625 0.54375 0.084375 0.0375
0 0.23125 0.546875 0.071875 0.0390625
0 0.1140625 0.484375 0.096875 0.04375
0 0.2375 0.425 0.0890625 0.0390625
0 0.465625 0.434375 0.0796875 0.0390625
0 0.621875 0.4375 0.0953125 0.0421875
0 0.721875 0.440625 0.0625 0.040625
0 0.84375 0.440625 0.08125 0.0375
0 0.978125 0.39375 0.0421875 0.0359375
0 0.8875 0.39375 0.0796875 0.034375
0 0.7875 0.390625 0.0734375 0.034375
0 0.6921875 0.390625 0.06875 0.0328125
0 0.596875 0.3875 0.0671875 0.03125
0 0.503125 0.3859375 0.075 0.034375
0 0.40625 0.38125 0.0625 0.0328125
0 0.315625 0.38125 0.075 0.0359375