0 0.5015625 0.784375 0.05 0.08125
0 0.1125 0.578125 0.0859375 0.040625
0 0.234375 0.58125 0.075 0.0421875
0 0.121875 0.515625 0.0953125 0.0453125
0 0.2390625 0.4578125 0.0875 0.053125
0 0.471875 0.475 0.090625 0.0421875
0 0.625 0.4765625 0.09375 0.05
0 0.7234375 0.484375 0.0625 0.0390625
0 0.84375 0.4859375 0.084375 0.040625
0 0.9796875 0.44375 0.040625 0.0421875
0 0.890625 0.4390625 0.0796875 0.040625
0 0.7890625 0.4375 0.08125 0.0390625
0 0.696875 0.43125 0.0703125 0.04375
0 0.596875 0.4296875 0.065625 0.0375
0 0.503125 0.425 0.0765625 0.0390625
0 0.4109375 0.4203125 0.065625 0.040625
0 0.31875 0.415625 0.0671875 0.0390625
0 0.596875 0.6875 0.071875 0.0390625