0 0.51875 0.7375 0.06875 0.0796875
0 0.109375 0.5703125 0.0859375 0.040625
0 0.23125 0.571875 0.0765625 0.0390625
0 0.1203125 0.509375 0.096875 0.0484375
0 0.2375 0.45 0.0890625 0.0515625
0 0.46875 0.465625 0.0859375 0.0421875
0 0.621875 0.4671875 0.0921875 0.05
0 0.8421875 0.475 0.084375 0.0390625
0 0.978125 0.434375 0.0421875 0.0421875
0 0.8875 0.428125 0.08125 0.0359375
0 0.7875 0.425 0.0765625 0.0375
0 0.69375 0.421875 0.071875 0.040625
0 0.59375 0.41875 0.065625 0.040625
0 0.5 0.415625 0.0765625 0.0390625
0 0.40625 0.409375 0.065625 0.0421875
0 0.315625 0.40625 0.0703125 0.0390625
0 0.790625 0.678125 0.071875 0.0390625