0 0.628125 0.678125 0.0890625 0.0390625
0 0.95859375 0.73125 0.0828125 0.040625
0 0.03125 0.48046875 0.0625 0.0421875
0 0.828125 0.1125 0.0390625 0.0734375
0 0.7984375 0.7765625 0.071875 0.0375
0 0.8859375 0.7765625 0.075 0.034375
0 0.97734375 0.78046875 0.0453125 0.0390625
0 0.55625 0.4453125 0.078125 0.034375
0 0.4765625 0.446875 0.065625 0.0328125
0 0.3828125 0.440625 0.084375 0.04375
0 0.278125 0.4421875 0.08125 0.0375
0 0.190625 0.4375 0.0515625 0.034375
0 0.1015625 0.434375 0.071875 0.0359375
0 0.021875 0.43125 0.04375 0.0375
0 0.1125 0.678125 0.071875 0.0375