0 0.4984375 0.878125 0.040625 0.08125
0 0.3140625 0.703125 0.096875 0.0546875
0 0.71875 0.746875 0.0890625 0.0515625
0 0.11875 0.5984375 0.0875 0.046875
0 0.240625 0.6046875 0.0703125 0.04375
0 0.128125 0.5390625 0.0984375 0.046875
0 0.246875 0.4796875 0.0875 0.05625
0 0.4765625 0.5 0.084375 0.046875
0 0.63125 0.503125 0.0921875 0.0515625
0 0.73125 0.509375 0.0625 0.0390625
0 0.85 0.5125 0.0890625 0.0421875
0 0.896875 0.465625 0.0796875 0.0421875
0 0.796875 0.4625 0.0734375 0.0421875
0 0.703125 0.45625 0.075 0.046875
0 0.60625 0.453125 0.06875 0.046875
0 0.5109375 0.45 0.075 0.040625
0 0.4171875 0.44375 0.0625 0.0453125
0 0.325 0.440625 0.071875 0.0421875