0 0.703125 0.6796875 0.078125 0.0375
0 0.10625 0.559375 0.0859375 0.0359375
0 0.228125 0.5625 0.071875 0.0359375
0 0.1171875 0.5 0.096875 0.0421875
0 0.2328125 0.4375 0.084375 0.0453125
0 0.4625 0.453125 0.084375 0.0421875
0 0.61875 0.45625 0.090625 0.04375
0 0.840625 0.459375 0.08125 0.0390625
0 0.97734375 0.4171875 0.0453125 0.0375
0 0.8828125 0.4125 0.084375 0.0359375
0 0.784375 0.409375 0.0765625 0.0359375
0 0.690625 0.409375 0.06875 0.0359375
0 0.5921875 0.4046875 0.065625 0.040625
0 0.5 0.4015625 0.0734375 0.0375
0 0.4046875 0.396875 0.065625 0.0359375
0 0.3125 0.3953125 0.0765625 0.034375