0 0.6640625 0.6796875 0.078125 0.0375
0 0.10625 0.55625 0.084375 0.0359375
0 0.228125 0.5609375 0.0734375 0.0375
0 0.11875 0.496875 0.1015625 0.0421875
0 0.234375 0.4375 0.0890625 0.046875
0 0.465625 0.45 0.0875 0.04375
0 0.61875 0.453125 0.09375 0.0484375
0 0.7203125 0.459375 0.059375 0.040625
0 0.840625 0.459375 0.0828125 0.0375
0 0.978125 0.415625 0.04375 0.0359375
0 0.8828125 0.4125 0.08125 0.034375
0 0.784375 0.409375 0.075 0.0359375
0 0.6921875 0.40625 0.071875 0.0359375
0 0.59375 0.40625 0.0671875 0.0390625
0 0.5 0.403125 0.0734375 0.0359375
0 0.4046875 0.396875 0.065625 0.0359375
0 0.3125 0.3953125 0.0765625 0.034375