0 0.496875 0.846875 0.034375 0.0796875
0 0.5078125 0.696875 0.09375 0.0515625
0 0.9078125 0.7375 0.090625 0.0515625
0 0.115625 0.590625 0.0890625 0.046875
0 0.2375 0.596875 0.071875 0.040625
0 0.1265625 0.53125 0.096875 0.0453125
0 0.24375 0.471875 0.0875 0.05625
0 0.4734375 0.49375 0.084375 0.04375
0 0.6296875 0.4953125 0.09375 0.053125
0 0.7265625 0.5015625 0.0625 0.040625
0 0.85 0.5046875 0.08125 0.04375
0 0.8953125 0.4578125 0.08125 0.046875
0 0.79375 0.453125 0.078125 0.0421875
0 0.7 0.45 0.071875 0.04375
0 0.6015625 0.446875 0.065625 0.046875
0 0.509375 0.44375 0.0734375 0.0421875
0 0.415625 0.4375 0.0640625 0.0453125
0 0.321875 0.4328125 0.0734375 0.040625
0 0.1453125 0.696875 0.071875 0.0453125