0 0.025 0.665625 0.05 0.0390625
0 0.2875 0.7203125 0.0890625 0.040625
0 0.1375 0.178125 0.0765625 0.078125
0 0.10625 0.7640625 0.0921875 0.034375
0 0.21875 0.76875 0.084375 0.0359375
0 0.3078125 0.7734375 0.071875 0.0375
0 0.84375 0.784375 0.0765625 0.0390625
0 0.9375 0.784375 0.0640625 0.034375
0 0.94375 0.453125 0.0828125 0.034375
0 0.8359375 0.45 0.078125 0.0359375
0 0.734375 0.446875 0.065625 0.0359375
0 0.634375 0.44375 0.0890625 0.040625
0 0.515625 0.4421875 0.0671875 0.034375
0 0.4 0.4375 0.0796875 0.0375
0 0.1265625 0.434375 0.078125 0.0328125