0 0.228125 0.56875 0.0640625 0.0484375
0 0.63125 0.328125 0.08125 0.0578125
0 0.690625 0.4 0.0734375 0.0578125
0 0.240625 0.4 0.0640625 0.0359375
0 0.075 0.265625 0.0578125 0.0765625
0 0.021875 0.16796875 0.04375 0.0703125
0 0.065625 0.034375 0.0546875 0.065625
0 0.4421875 0.08125 0.06875 0.034375
0 0.5703125 0.075 0.065625 0.034375
0 0.425 0.821875 0.0640625 0.0609375
0 0.484375 0.871875 0.0703125 0.0703125
0 0.54375 0.9234375 0.0734375 0.065625
0 0.609375 0.965625 0.0703125 0.0609375
0 0.8640625 0.4546875 0.0375 0.06875
0 0.846875 0.56875 0.0390625 0.0765625
0 0.840625 0.6578125 0.0390625 0.065625
0 0.8109375 0.8328125 0.0375 0.075
0 0.875 0.678125 0.0578125 0.0796875
0 0.9234375 0.625 0.04375 0.0796875