0 0.23125 0.575 0.0671875 0.0515625
0 0.6890625 0.309375 0.078125 0.0546875
0 0.6265625 0.440625 0.075 0.05625
0 0.25 0.409375 0.0640625 0.0328125
0 0.078125 0.271875 0.0578125 0.0765625
0 0.025 0.171875 0.0484375 0.06875
0 0.0671875 0.0375 0.053125 0.0671875
0 0.446875 0.084375 0.0703125 0.0359375
0 0.5734375 0.08125 0.065625 0.03125
0 0.4296875 0.828125 0.065625 0.0625
0 0.4890625 0.878125 0.06875 0.065625
0 0.5453125 0.928125 0.075 0.06875
0 0.60625 0.96875 0.06875 0.0625
0 0.8671875 0.459375 0.040625 0.0703125
0 0.85 0.571875 0.040625 0.0734375
0 0.8421875 0.6625 0.04375 0.0671875
0 0.8125 0.8375 0.040625 0.075
0 0.875 0.6875 0.0578125 0.0703125
0 0.928125 0.63125 0.0421875 0.0796875