0 0.478125 0.56875 0.0640625 0.0484375
0 0.153125 0.665625 0.06875 0.0484375
0 0.20625 0.690625 0.071875 0.0484375
0 0.88125 0.328125 0.08125 0.0578125
0 0.940625 0.4 0.0734375 0.0578125
0 0.490625 0.4 0.0640625 0.0359375
0 0.325 0.265625 0.0578125 0.0765625
0 0.26875 0.16875 0.0515625 0.0703125
0 0.315625 0.034375 0.0546875 0.065625
0 0.0890625 0.028125 0.075 0.0515625
0 0.265625 0.2875 0.0359375 0.0453125
0 0.19375 0.125 0.0453125 0.0546875
0 0.6921875 0.08125 0.06875 0.034375
0 0.8203125 0.075 0.065625 0.034375
0 0.21875 0.971875 0.065625 0.034375
0 0.675 0.821875 0.0640625 0.0609375
0 0.734375 0.871875 0.0703125 0.0703125
0 0.79375 0.9234375 0.0734375 0.065625
0 0.859375 0.965625 0.0703125 0.0609375