0 0.2234375 0.56875 0.065625 0.05
0 0.565625 0.35625 0.0796875 0.0578125
0 0.7578125 0.3625 0.075 0.0578125
0 0.2328125 0.4015625 0.065625 0.034375
0 0.071875 0.265625 0.0609375 0.0765625
0 0.0203125 0.165625 0.040625 0.0671875
0 0.0609375 0.034375 0.053125 0.065625
0 0.4375 0.08125 0.06875 0.0359375
0 0.565625 0.075 0.065625 0.0328125
0 0.4234375 0.821875 0.0625 0.0609375
0 0.48125 0.875 0.0703125 0.0671875
0 0.540625 0.921875 0.071875 0.0640625
0 0.60625 0.9671875 0.0671875 0.059375
0 0.859375 0.45625 0.0375 0.065625
0 0.84375 0.56875 0.040625 0.0734375
0 0.834375 0.659375 0.0421875 0.0640625
0 0.80625 0.834375 0.0390625 0.0765625
0 0.871875 0.6734375 0.0546875 0.08125
0 0.91875 0.6265625 0.0453125 0.078125