0 0.20625 0.56875 0.06875 0.05
0 0.125 0.60625 0.0671875 0.0515625
0 0.06875 0.165625 0.0546875 0.0703125
0 0.05625 0.2640625 0.0578125 0.075
0 0.0125 0.165625 0.025 0.0703125
0 0.046875 0.034375 0.0515625 0.065625
0 0.421875 0.08125 0.0734375 0.0359375
0 0.5484375 0.075 0.065625 0.0328125
0 0.4609375 0.39375 0.0625 0.0484375
0 0.525 0.459375 0.0734375 0.0578125
0 0.15625 0.6484375 0.0796875 0.053125
0 0.409375 0.8203125 0.0578125 0.05625
0 0.465625 0.8703125 0.06875 0.06875
0 0.525 0.921875 0.0734375 0.0671875
0 0.5875 0.9640625 0.0703125 0.0625
0 0.8390625 0.4546875 0.034375 0.065625
0 0.8265625 0.5671875 0.0375 0.075
0 0.81875 0.65625 0.0328125 0.0640625
0 0.790625 0.8328125 0.0328125 0.06875
0 0.8578125 0.646875 0.04375 0.0765625
0 0.9 0.625 0.0421875 0.0796875
0 0.8765625 0.803125 0.040625 0.075
0 0.9625 0.55 0.03125 0.0265625