0 0.2125 0.56875 0.0703125 0.0515625
0 0.096875 0.6234375 0.0671875 0.05
0 0.25 0.4984375 0.0796875 0.059375
0 0.16875 0.36875 0.0640625 0.0625
0 0.0625 0.265625 0.0578125 0.075
0 0.015625 0.16484375 0.03125 0.0671875
0 0.0515625 0.034375 0.053125 0.0640625
0 0.428125 0.078125 0.06875 0.0359375
0 0.55625 0.075 0.0671875 0.0328125
0 0.9 0.215625 0.0703125 0.053125
0 0.0953125 0.671875 0.075 0.0515625
0 0.415625 0.821875 0.0609375 0.0578125
0 0.475 0.871875 0.0703125 0.0671875
0 0.534375 0.921875 0.0703125 0.0625
0 0.596875 0.9671875 0.06875 0.059375
0 0.8484375 0.4546875 0.0375 0.065625
0 0.834375 0.5671875 0.0375 0.075
0 0.825 0.659375 0.0359375 0.0625
0 0.7984375 0.8328125 0.0375 0.075
0 0.865625 0.659375 0.0484375 0.078125
0 0.9109375 0.625 0.0375 0.0765625
0 0.8875 0.803125 0.0375 0.071875