0 0.2125 0.56875 0.0671875 0.05
0 0.109375 0.6171875 0.0671875 0.05
0 0.1875 0.528125 0.078125 0.0578125
0 0.15625 0.346875 0.05625 0.0640625
0 0.0640625 0.265625 0.059375 0.075
0 0.015625 0.1640625 0.03125 0.06875
0 0.0515625 0.03125 0.053125 0.0625
0 0.4296875 0.078125 0.06875 0.0359375
0 0.55625 0.075 0.0671875 0.034375
0 0.825 0.240625 0.0671875 0.05
0 0.1703125 0.640625 0.075 0.053125
0 0.415625 0.8203125 0.0609375 0.059375
0 0.471875 0.871875 0.0734375 0.06875
0 0.534375 0.921875 0.0703125 0.0640625
0 0.596875 0.965625 0.0703125 0.0609375
0 0.8484375 0.4546875 0.034375 0.065625
0 0.834375 0.565625 0.0375 0.0765625
0 0.828125 0.65625 0.0359375 0.0609375
0 0.7984375 0.8328125 0.0375 0.071875
0 0.8640625 0.65625 0.046875 0.0796875
0 0.909375 0.625 0.0421875 0.0828125
0 0.8875 0.803125 0.0390625 0.0734375