0 0.2140625 0.5703125 0.06875 0.05
0 0.11875 0.6140625 0.0671875 0.05
0 0.121875 0.55625 0.0796875 0.0578125
0 0.14375 0.321875 0.05 0.0671875
0 0.0640625 0.265625 0.059375 0.0734375
0 0.015625 0.165625 0.03125 0.0671875
0 0.053125 0.034375 0.0546875 0.0671875
0 0.4296875 0.0796875 0.06875 0.034375
0 0.55625 0.075 0.0671875 0.034375
0 0.753125 0.271875 0.0671875 0.0515625
0 0.2453125 0.609375 0.075 0.0546875
0 0.415625 0.821875 0.0609375 0.0578125
0 0.475 0.871875 0.06875 0.0671875
0 0.534375 0.921875 0.0703125 0.0640625
0 0.596875 0.965625 0.06875 0.0609375
0 0.846875 0.45625 0.0359375 0.0671875
0 0.834375 0.56875 0.0359375 0.0734375
0 0.8265625 0.659375 0.0375 0.0640625
0 0.8 0.834375 0.0359375 0.0703125
0 0.865625 0.65625 0.0453125 0.078125
0 0.909375 0.625 0.0421875 0.078125
0 0.8875 0.803125 0.0390625 0.0734375