0 0.203125 0.5703125 0.0703125 0.053125
0 0.121875 0.609375 0.0671875 0.0515625
0 0.021875 0.075 0.0421875 0.0703125
0 0.0546875 0.265625 0.05625 0.075
0 0.0421875 0.034375 0.053125 0.0640625
0 0.41875 0.08125 0.0703125 0.034375
0 0.54375 0.0765625 0.0671875 0.034375
0 0.315625 0.465625 0.065625 0.0515625
0 0.6609375 0.3875 0.075 0.0578125
0 0.29375 0.5875 0.0796875 0.0578125
0 0.40625 0.8234375 0.0578125 0.05625
0 0.4640625 0.8734375 0.06875 0.065625
0 0.5234375 0.921875 0.075 0.0671875
0 0.5828125 0.9671875 0.071875 0.0625
0 0.834375 0.45625 0.0359375 0.0671875
0 0.815625 0.65625 0.0375 0.065625
0 0.7875 0.834375 0.0390625 0.0734375
0 0.85625 0.6375 0.040625 0.0765625
0 0.8953125 0.6265625 0.0375 0.078125
0 0.8734375 0.803125 0.034375 0.0734375