0 0.45625 0.56875 0.06875 0.05
0 0.375 0.60625 0.0671875 0.0515625
0 0.103125 0.6625 0.0796875 0.059375
0 0.31875 0.165625 0.0546875 0.0703125
0 0.30625 0.2640625 0.0578125 0.075
0 0.25 0.165625 0.0484375 0.0703125
0 0.296875 0.034375 0.0515625 0.065625
0 0.06875 0.025 0.0734375 0.04375
0 0.246875 0.284375 0.0390625 0.0453125
0 0.1734375 0.125 0.04375 0.0546875
0 0.671875 0.08125 0.0734375 0.0359375
0 0.7984375 0.075 0.065625 0.0328125
0 0.7109375 0.39375 0.0625 0.0484375
0 0.775 0.459375 0.0734375 0.0578125
0 0.40625 0.6484375 0.0796875 0.053125
0 0.203125 0.96875 0.0671875 0.0359375
0 0.659375 0.8203125 0.0578125 0.05625
0 0.715625 0.8703125 0.06875 0.06875
0 0.775 0.921875 0.0734375 0.0671875
0 0.8375 0.9640625 0.0703125 0.0625