0 0.459375 0.55625 0.0640625 0.0640625
0 0.365625 0.6109375 0.0640625 0.05
0 0.30625 0.2671875 0.0578125 0.078125
0 0.25 0.16875 0.0515625 0.0703125
0 0.29375 0.0375 0.053125 0.0640625
0 0.0671875 0.0296875 0.071875 0.04375
0 0.2453125 0.2890625 0.0375 0.04375
0 0.659375 0.0859375 0.0703125 0.034375
0 0.784375 0.08125 0.065625 0.0328125
0 0.340625 0.56875 0.0640625 0.0515625
0 0.7375 0.4875 0.0765625 0.0578125
0 0.1125 0.771875 0.0703125 0.046875
0 0.2015625 0.975 0.065625 0.0359375
0 0.646875 0.825 0.0609375 0.0578125
0 0.703125 0.8765625 0.0703125 0.06875
0 0.7625 0.9265625 0.0734375 0.06875
0 0.8234375 0.96875 0.071875 0.0609375