0 0.2125 0.5671875 0.0703125 0.053125
0 0.1265625 0.60625 0.06875 0.0515625
0 0.0578125 0.2640625 0.059375 0.075
0 0.046875 0.03125 0.053125 0.0625
0 0.425 0.0796875 0.0703125 0.034375
0 0.546875 0.0734375 0.0640625 0.03125
0 0.246875 0.4984375 0.0640625 0.05
0 0.734375 0.35 0.075 0.0578125
0 0.365625 0.55 0.078125 0.0546875
0 0.4109375 0.821875 0.05625 0.0578125
0 0.465625 0.871875 0.0671875 0.0640625
0 0.5265625 0.921875 0.071875 0.0671875
0 0.5875 0.965625 0.0734375 0.065625
0 0.8390625 0.45625 0.034375 0.0640625
0 0.81875 0.6546875 0.0375 0.065625
0 0.79375 0.8328125 0.0390625 0.075
0 0.859375 0.628125 0.0359375 0.0765625
0 0.8984375 0.628125 0.0375 0.078125
0 0.8765625 0.80625 0.034375 0.0734375
0 0.965625 0.553125 0.0453125 0.0328125