0 0.471875 0.540625 0.0546875 0.0703125
0 0.378125 0.60625 0.0671875 0.0515625
0 0.303125 0.2671875 0.0546875 0.075
0 0.246875 0.165625 0.0515625 0.0703125
0 0.290625 0.0375 0.0546875 0.0671875
0 0.065625 0.03125 0.0671875 0.04375
0 0.240625 0.2875 0.0390625 0.046875
0 0.66875 0.08125 0.0734375 0.034375
0 0.7921875 0.078125 0.065625 0.0328125
0 0.271875 0.6015625 0.0640625 0.05
0 0.8125 0.4484375 0.075 0.05625
0 0.175 0.746875 0.0703125 0.0453125
0 0.1984375 0.975 0.065625 0.0359375
0 0.65625 0.825 0.0578125 0.0578125
0 0.709375 0.871875 0.0671875 0.0671875
0 0.771875 0.925 0.0734375 0.0671875
0 0.834375 0.9671875 0.0703125 0.0625