0 0.393448 0.094604 0.084872 0.175135 0.842595
0 0.168084 0.105148 0.094637 0.207805 0.836727
0 0.089313 0.701407 0.176540 0.174671 0.822205
0 0.735628 0.104122 0.093575 0.196760 0.818470
0 0.504833 0.109969 0.099218 0.209530 0.813637
0 0.283990 0.111287 0.092879 0.222574 0.811646
0 0.625952 0.095495 0.101144 0.183536 0.798276
0 0.855855 0.095743 0.105734 0.191485 0.787646
0 0.965316 0.080535 0.068983 0.158122 0.785143
0 0.066366 0.103176 0.105535 0.204756 0.732007
0 0.709771 0.334956 0.208282 0.162947 0.683495
