0 0.729174 0.520838 0.113226 0.049819 0.815225
0 0.104168 0.525367 0.117755 0.054348 0.815225
0 0.860515 0.538954 0.113226 0.049819 0.815225
0 0.389496 0.575187 0.122284 0.058877 0.815225
0 0.937051 0.634064 0.125898 0.054348 0.815225
0 0.249097 0.620477 0.140400 0.063406 0.815225
0 0.760877 0.629535 0.126813 0.058877 0.815225
0 0.040761 0.670296 0.081523 0.072464 0.815225
0 0.221922 0.692941 0.122284 0.063406 0.815225
0 0.398554 0.692941 0.149458 0.063406 0.815225
0 0.597832 0.692941 0.135871 0.067935 0.815225
0 0.765406 0.692941 0.140400 0.063406 0.815225
0 0.976680 0.557070 0.046640 0.076993 0.760877
0 0.597832 0.575187 0.117755 0.058877 0.760877
0 0.394025 0.525367 0.122284 0.054348 0.760877
0 0.249097 0.525367 0.117755 0.045290 0.760877
0 0.108697 0.579716 0.117755 0.049819 0.760877
0 0.760877 0.584245 0.126813 0.045290 0.760877
0 0.421200 0.625006 0.131342 0.054348 0.760877
0 0.597832 0.634064 0.135871 0.063406 0.760877
0 0.566129 0.525367 0.117755 0.049819 0.643122
0 0.760877 0.575187 0.122284 0.040761 0.357793
