0 0.357793 0.249097 0.099639 0.158516 0.815225
0 0.471019 0.249097 0.090581 0.149458 0.815225
0 0.235509 0.244568 0.104168 0.158516 0.815225
0 0.362322 0.439316 0.099639 0.199277 0.815225
0 0.892218 0.439316 0.099639 0.190219 0.815225
0 0.674825 0.443845 0.086052 0.194748 0.815225
0 0.471019 0.629535 0.090581 0.194748 0.815225
0 0.566129 0.638593 0.086052 0.185690 0.815225
0 0.670296 0.634064 0.086052 0.190219 0.815225
0 0.783522 0.643122 0.086052 0.190219 0.815225
0 0.575187 0.253626 0.086052 0.153987 0.760877
0 0.887689 0.258155 0.095110 0.172103 0.760877
0 0.249097 0.430258 0.095110 0.190219 0.760877
0 0.466490 0.434787 0.081523 0.194748 0.760877
0 0.783522 0.439316 0.090581 0.194748 0.760877
0 0.570658 0.457432 0.081523 0.163045 0.760877
0 0.892218 0.638593 0.090581 0.185690 0.760877
0 0.244568 0.629535 0.090581 0.190219 0.760877
0 0.366851 0.652180 0.086052 0.140400 0.760877
0 0.149458 0.778993 0.086052 0.099639 0.760877
0 0.670296 0.253626 0.095110 0.163045 0.706528
0 0.117755 0.249097 0.095110 0.153987 0.706528
0 0.783522 0.253626 0.090581 0.163045 0.706528
0 0.122284 0.452903 0.099639 0.144929 0.706528
0 0.892218 0.783522 0.095110 0.090581 0.706528
0 0.783522 0.783522 0.090581 0.090581 0.643122
0 0.977812 0.783522 0.044375 0.090581 0.643122
0 0.973741 0.634064 0.045290 0.194748 0.643122
0 0.475548 0.788051 0.090581 0.086052 0.643122
0 0.366851 0.783522 0.090581 0.095110 0.643122
0 0.973741 0.439316 0.045290 0.194748 0.575187
0 0.135871 0.647651 0.081523 0.131342 0.575187
0 0.570658 0.783522 0.095110 0.090581 0.502722
0 0.031703 0.249097 0.058877 0.153987 0.502722
0 0.258155 0.810696 0.086052 0.040761 0.357793
0 0.973741 0.190219 0.049819 0.045290 0.357793
0 0.973741 0.249097 0.049819 0.158516 0.357793
0 0.973741 0.584245 0.045290 0.090581 0.357793
0 0.027174 0.602361 0.054348 0.045290 0.357793
0 0.262684 0.778993 0.090581 0.090581 0.294387
0 0.978270 0.253626 0.036232 0.167574 0.294387
0 0.262684 0.792580 0.076993 0.072464 0.294387
