0 0.973283 0.362322 0.053433 0.040761 0.851457
0 0.914864 0.421200 0.086052 0.076993 0.851457
0 0.357793 0.461961 0.076993 0.108697 0.851457
0 0.973741 0.371380 0.049819 0.040761 0.815225
0 0.976680 0.366851 0.046640 0.045290 0.815225
0 0.425729 0.543483 0.081522 0.104168 0.815225
0 0.969212 0.529896 0.054348 0.081522 0.760877
0 0.597832 0.584245 0.090581 0.135871 0.760877
0 0.824283 0.335148 0.063406 0.049819 0.575187
0 0.706528 0.326090 0.045290 0.040761 0.575187
0 0.466490 0.394025 0.058877 0.072464 0.425729
0 0.901277 0.312503 0.058877 0.027174 0.294387
