0 0.317032 0.466490 0.072464 0.095110 0.851457
0 0.869573 0.647651 0.072464 0.099639 0.851457
0 0.557070 0.267213 0.054348 0.095110 0.851457
0 0.575187 0.475548 0.067935 0.090581 0.851457
0 0.865044 0.280800 0.067935 0.081523 0.815225
0 0.711057 0.289858 0.058877 0.072464 0.815225
0 0.724645 0.407613 0.067935 0.090581 0.815225
0 0.484606 0.634064 0.067935 0.086052 0.815225
0 0.960154 0.638593 0.076994 0.095110 0.815225
0 0.394025 0.715586 0.072464 0.108697 0.815225
0 0.946567 0.276271 0.063406 0.081523 0.815225
0 0.058877 0.394025 0.081523 0.090581 0.815225
0 0.480077 0.389496 0.076993 0.095110 0.815225
0 0.643122 0.394025 0.072464 0.095110 0.815225
0 0.643122 0.412142 0.072464 0.140400 0.815225
0 0.484606 0.480077 0.072464 0.081523 0.815225
0 0.828812 0.475548 0.067935 0.086052 0.815225
0 0.117755 0.625006 0.076993 0.099639 0.815225
0 0.203806 0.701999 0.072464 0.122284 0.815225
0 0.095110 0.720115 0.072464 0.099639 0.815225
0 0.484606 0.729174 0.072464 0.081523 0.815225
0 0.774464 0.634064 0.067935 0.081522 0.760877
0 0.022645 0.729174 0.040761 0.099639 0.760877
0 0.638593 0.280800 0.063406 0.072464 0.760877
0 0.810696 0.389496 0.067935 0.086052 0.760877
0 0.901277 0.398554 0.067935 0.076993 0.760877
0 0.144929 0.461961 0.081523 0.090581 0.760877
0 0.656709 0.461961 0.067935 0.113226 0.760877
0 0.914864 0.471019 0.072464 0.067935 0.760877
0 0.235509 0.398554 0.063406 0.067935 0.706528
0 0.298916 0.629535 0.067935 0.063406 0.706528
0 0.588774 0.615948 0.067935 0.058877 0.706528
0 0.679354 0.625006 0.072464 0.095110 0.706528
0 0.778993 0.643122 0.076994 0.104168 0.706528
0 0.584245 0.715586 0.081523 0.117755 0.706528
0 0.783522 0.683883 0.090581 0.172103 0.706528
0 0.783522 0.715586 0.095110 0.108697 0.706528
0 0.972151 0.733703 0.055698 0.090581 0.706528
0 0.964683 0.729174 0.058877 0.095110 0.706528
0 0.977812 0.398554 0.044375 0.076993 0.643122
0 0.647651 0.276271 0.063406 0.076993 0.643122
0 0.294387 0.711057 0.072464 0.104168 0.643122
0 0.978270 0.439316 0.036232 0.153987 0.575187
0 0.661238 0.471019 0.072464 0.086052 0.502722
0 0.778993 0.240038 0.063406 0.090581 0.502722
0 0.403084 0.258155 0.063406 0.113226 0.502722
0 0.973741 0.425729 0.045290 0.135871 0.502722
0 0.937509 0.203806 0.054348 0.067935 0.425729
0 0.982799 0.471019 0.031703 0.081522 0.357793
0 0.778993 0.253626 0.067935 0.126813 0.357793
0 0.588774 0.688412 0.076993 0.176632 0.294387
