0 0.140400 0.579716 0.072464 0.040761 0.887690
0 0.181161 0.317032 0.058877 0.036232 0.851457
0 0.181161 0.416671 0.063406 0.040761 0.851457
0 0.280800 0.443845 0.067935 0.040761 0.851457
0 0.389496 0.466490 0.072464 0.031703 0.851457
0 0.384967 0.461961 0.072464 0.036232 0.851457
0 0.932980 0.511780 0.081523 0.049819 0.851457
0 0.797109 0.543483 0.076994 0.036232 0.851457
0 0.303445 0.566129 0.076993 0.040761 0.851457
0 0.303445 0.611419 0.072464 0.049819 0.851457
0 0.027174 0.262684 0.054348 0.045290 0.815225
0 0.344206 0.348735 0.076993 0.040761 0.815225
0 0.076993 0.498193 0.072464 0.031703 0.815225
0 0.036232 0.534425 0.067935 0.045290 0.815225
0 0.606890 0.566129 0.072464 0.036232 0.815225
0 0.815225 0.597832 0.076994 0.040761 0.815225
0 0.448374 0.634064 0.081523 0.040761 0.815225
0 0.837870 0.461961 0.076994 0.036232 0.815225
0 0.027174 0.253626 0.054348 0.045290 0.760877
0 0.194748 0.511780 0.072464 0.040761 0.760877
0 0.081523 0.493664 0.063406 0.040761 0.760877
0 0.294387 0.606890 0.067935 0.045290 0.760877
0 0.692941 0.484606 0.076993 0.036232 0.706528
0 0.176632 0.312503 0.058877 0.031703 0.706528
0 0.543483 0.502722 0.058877 0.022645 0.643122
0 0.575187 0.421200 0.135871 0.058877 0.643122
0 0.543483 0.507251 0.058877 0.027174 0.643122
0 0.878631 0.366851 0.076994 0.031703 0.575187
0 0.480077 0.566129 0.076993 0.036232 0.575187
0 0.874102 0.362322 0.076994 0.036232 0.502722
0 0.009058 0.307974 0.018116 0.031703 0.294387
