0 0.652180 0.348735 0.076993 0.054348 0.851457
0 0.217393 0.534425 0.144929 0.076993 0.815225
0 0.620477 0.543483 0.095110 0.067935 0.815225
0 0.394025 0.729174 0.140400 0.104168 0.815225
0 0.253626 0.575187 0.126813 0.067935 0.760877
0 0.285329 0.620477 0.144929 0.090581 0.760877
0 0.344206 0.683883 0.140400 0.076993 0.760877
0 0.140400 0.461961 0.113226 0.054348 0.706528
0 0.534425 0.493664 0.095110 0.076993 0.706528
0 0.421200 0.729174 0.181161 0.113226 0.706528
0 0.489135 0.457432 0.095110 0.058877 0.643122
0 0.905806 0.520838 0.140400 0.099639 0.643122
0 0.067935 0.407613 0.086052 0.049819 0.575187
0 0.566129 0.507251 0.095110 0.063406 0.575187
0 0.525367 0.489135 0.099639 0.063406 0.575187
0 0.548012 0.502722 0.086052 0.072464 0.575187
0 0.529896 0.480077 0.081522 0.058877 0.502722
0 0.167574 0.493664 0.113226 0.058877 0.425729
0 0.144929 0.475548 0.122284 0.086052 0.425729
0 0.430258 0.412142 0.081523 0.040761 0.357793
0 0.715586 0.602361 0.108697 0.076993 0.357793
0 0.158516 0.240038 0.095110 0.036232 0.294387
