0 0.502722 0.502722 0.081523 0.163045 0.815225
0 0.389496 0.502722 0.086052 0.172103 0.815225
0 0.815225 0.538954 0.099639 0.167574 0.815225
0 0.606890 0.525367 0.095110 0.149458 0.815225
0 0.715586 0.520838 0.099639 0.194748 0.760877
0 0.104168 0.489135 0.108697 0.149458 0.706528
0 0.928451 0.543483 0.108697 0.167574 0.706528
0 0.280800 0.502722 0.113226 0.131342 0.502722
0 0.981209 0.534425 0.037581 0.135871 0.357793
0 0.194748 0.489135 0.104168 0.167574 0.357793
0 0.031703 0.484606 0.063406 0.153987 0.294387
