0 0.249097 0.679354 0.144929 0.126813 0.887690
0 0.135871 0.226451 0.153987 0.117755 0.851457
0 0.330619 0.230980 0.172103 0.126813 0.851457
0 0.548012 0.230980 0.135871 0.126813 0.851457
0 0.878631 0.217393 0.117755 0.104168 0.851457
0 0.078126 0.289858 0.156251 0.135871 0.851457
0 0.221922 0.389496 0.167574 0.144929 0.851457
0 0.833341 0.353264 0.158516 0.135871 0.851457
0 0.769935 0.443845 0.153987 0.153987 0.851457
0 0.566129 0.430258 0.158516 0.081523 0.851457
0 0.149458 0.475548 0.163045 0.140400 0.851457
0 0.715586 0.534425 0.149458 0.158516 0.851457
0 0.095110 0.570658 0.126813 0.126813 0.851457
0 0.394025 0.625006 0.153987 0.076993 0.851457
0 0.643122 0.611419 0.158516 0.163045 0.851457
0 0.570658 0.679354 0.158516 0.172103 0.851457
0 0.498193 0.751819 0.144929 0.158516 0.851457
0 0.629535 0.330619 0.153987 0.067935 0.815225
0 0.471019 0.529896 0.153987 0.072464 0.815225
0 0.055481 0.656709 0.110961 0.126813 0.815225
0 0.846928 0.661238 0.149458 0.158516 0.815225
0 0.172103 0.760877 0.140400 0.117755 0.815225
0 0.946109 0.267213 0.107782 0.126813 0.760877
0 0.307974 0.529896 0.126813 0.153987 0.760877
0 0.280800 0.312503 0.149458 0.135871 0.706528
0 0.923922 0.575187 0.149458 0.167574 0.575187
0 0.434787 0.357793 0.135871 0.144929 0.425729
0 0.955625 0.480077 0.081523 0.144929 0.425729
0 0.955167 0.502722 0.089665 0.185690 0.425729
0 0.045290 0.375909 0.086052 0.140400 0.357793
0 0.991857 0.357793 0.013587 0.072464 0.294387
