0 0.471019 0.452903 0.072464 0.049819 0.887690
0 0.964683 0.692941 0.045290 0.076993 0.851457
0 0.176632 0.375909 0.036232 0.063406 0.851457
0 0.362322 0.203806 0.081523 0.036232 0.851457
0 0.729174 0.525367 0.036232 0.076993 0.810696
0 0.135871 0.774464 0.036232 0.067935 0.760877
0 0.335148 0.615948 0.027174 0.058877 0.760877
0 0.298916 0.366851 0.031703 0.067935 0.706528
0 0.412142 0.769935 0.036232 0.072464 0.638593
0 0.253626 0.285329 0.031703 0.067935 0.638593
0 0.529896 0.285329 0.027174 0.067935 0.575187
