0 0.670296 0.638593 0.086052 0.181161 0.810696
0 0.466490 0.629535 0.086052 0.185690 0.810696
0 0.362322 0.439316 0.099639 0.199277 0.810696
0 0.244568 0.430258 0.090581 0.185690 0.810696
0 0.144929 0.778993 0.090581 0.099639 0.760877
0 0.249097 0.629535 0.086052 0.167574 0.760877
0 0.674825 0.439316 0.090581 0.185690 0.760877
0 0.570658 0.788051 0.095110 0.086052 0.706528
0 0.366851 0.778993 0.086052 0.090581 0.706528
0 0.670296 0.253626 0.104168 0.163045 0.638593
0 0.461961 0.249097 0.090581 0.153987 0.638593
0 0.235509 0.249097 0.104168 0.153987 0.575187
0 0.783522 0.783522 0.095110 0.086052 0.575187
