0 0.190219 0.448374 0.104168 0.049819 0.887690
0 0.398554 0.280800 0.104168 0.049819 0.887690
0 0.914864 0.457432 0.104168 0.049819 0.851457
0 0.502722 0.652180 0.086052 0.040761 0.851457
0 0.348735 0.552541 0.113226 0.045290 0.851457
0 0.507251 0.461961 0.104168 0.045290 0.851457
0 0.063406 0.362322 0.095110 0.040761 0.851457
0 0.683883 0.357793 0.099639 0.045290 0.851457
0 0.176632 0.280800 0.122284 0.049819 0.851457
0 0.584245 0.276271 0.104168 0.054348 0.851457
0 0.760877 0.738232 0.117755 0.045290 0.810696
0 0.357793 0.362322 0.122284 0.045290 0.810696
0 0.022645 0.298916 0.045290 0.040761 0.706528
0 0.991857 0.276271 0.018116 0.045290 0.575187
