0 0.076993 0.285329 0.158516 0.135871 0.851457
0 0.833341 0.353264 0.144929 0.140400 0.851457
0 0.153987 0.475548 0.158516 0.140400 0.851457
0 0.389496 0.629535 0.153987 0.072464 0.851457
0 0.570658 0.674825 0.144929 0.176632 0.810696
0 0.625006 0.335148 0.163045 0.067935 0.810696
0 0.566129 0.434787 0.153987 0.076993 0.810696
0 0.095110 0.566129 0.117755 0.126813 0.810696
0 0.715586 0.529896 0.144929 0.153987 0.810696
0 0.172103 0.751819 0.140400 0.140400 0.810696
0 0.874102 0.212864 0.113226 0.099639 0.760877
0 0.135871 0.226451 0.153987 0.113226 0.760877
0 0.548012 0.230980 0.144929 0.131342 0.760877
0 0.326090 0.230980 0.167574 0.122284 0.706528
0 0.249097 0.674825 0.131342 0.131342 0.638593
0 0.054348 0.647651 0.108697 0.131342 0.575187
0 0.045290 0.371380 0.090581 0.144929 0.575187
0 0.960154 0.480077 0.081523 0.158516 0.575187
0 0.851457 0.661238 0.144929 0.158516 0.575187
