0 0.209375 0.634375 0.0640625 0.0984375
0 0.328125 0.646875 0.05625 0.0890625
0 0.4375 0.515625 0.0671875 0.0921875
0 0.459375 0.153125 0.0515625 0.0640625
0 0.396875 0.0640625 0.053125 0.06875
0 0.928125 0.159375 0.0578125 0.0796875
0 0.95 0.3484375 0.0578125 0.084375
0 0.978125 0.740625 0.0421875 0.1171875
0 0.98125 0.865625 0.0375 0.103125
0 0.75 0.284375 0.10625 0.0484375
0 0.746875 0.33125 0.1125 0.0421875
0 0.746875 0.390625 0.1046875 0.053125
0 0.7515625 0.4375 0.115625 0.0484375
0 0.740625 0.4796875 0.1125 0.04375
0 0.7578125 0.5203125 0.115625 0.046875
0 0.753125 0.646875 0.128125 0.05
0 0.753125 0.690625 0.14375 0.0703125
0 0.759375 0.778125 0.1421875 0.0546875
0 0.7625 0.8265625 0.1296875 0.0625
0 0.771875 0.9734375 0.125 0.053125
0 0.7625 0.91875 0.1296875 0.0625
0 0.765625 0.875 0.1265625 0.0546875
0 0.103125 0.1453125 0.0890625 0.065625
0 0.125 0.1 0.1015625 0.0640625
0 0.1203125 0.065625 0.1 0.0546875
0 0.125 0.0328125 0.1015625 0.053125
0 0.9171875 0.0765625 0.046875 0.0796875
0 0.9125 0.0171875 0.0484375 0.034375
0 0.9515625 0.453125 0.0515625 0.1
0 0.7859375 0.6 0.0578125 0.0453125