0 0.01875 0.75234375 0.0375 0.1453125
0 0.03125 0.67734375 0.0625 0.1265625
0 0.353125 0.5390625 0.0984375 0.153125
0 0.5625 0.4546875 0.10625 0.134375
0 0.6234375 0.44375 0.09375 0.125
0 0.66875 0.4109375 0.09375 0.140625
0 0.4625 0.7921875 0.0921875 0.06875
0 0.4953125 0.85625 0.121875 0.075
0 0.53125 0.925 0.1171875 0.0890625
0 0.775 0.83125 0.11875 0.075
0 0.815625 0.653125 0.1140625 0.0859375
0 0.83125 0.35 0.0859375 0.1265625
0 0.8875 0.3328125 0.1046875 0.13125
0 0.93125 0.85 0.1015625 0.0828125
0 0.96875 0.2875 0.0625 0.1296875
0 0.9625 0.903125 0.0734375 0.0765625
0 0.85625 0.953125 0.171875 0.0921875