0 0.4625 0.1046875 0.0921875 0.06875
0 0.4953125 0.16875 0.121875 0.075
0 0.53125 0.2375 0.1171875 0.0890625
0 0.775 0.14375 0.11875 0.075
0 0.553125 0.553125 0.115625 0.0828125
0 0.5953125 0.371875 0.11875 0.0796875
0 0.4484375 0.3578125 0.115625 0.084375
0 0.7875 0.7125 0.1203125 0.0828125
0 0.4125 0.865625 0.1140625 0.0890625
0 0.8625 0.9078125 0.0875 0.140625
0 0.7734375 0.928125 0.078125 0.1234375
0 0.884375 0.3375 0.125 0.0875
0 0.93125 0.1625 0.1015625 0.0828125
0 0.5359375 0.4890625 0.15625 0.10625
0 0.85625 0.2734375 0.1796875 0.0984375
0 0.9578125 0.2171875 0.0828125 0.0875
0 0.953125 0.4640625 0.0890625 0.08125