0 0.453125 0.659375 0.0953125 0.0390625
0 0.63125 0.715625 0.0890625 0.0453125
0 0.0375 0.1625 0.0734375 0.0765625
0 0.025 0.75546875 0.05 0.0359375
0 0.115625 0.75625 0.084375 0.0390625
0 0.20625 0.7625 0.0703125 0.0359375
0 0.30625 0.7625 0.08125 0.0359375
0 0.74375 0.76875 0.071875 0.0390625
0 0.83125 0.76875 0.0671875 0.0328125
0 0.93125 0.4375 0.0765625 0.0375
0 0.840625 0.434375 0.084375 0.0359375
0 0.7328125 0.43125 0.078125 0.034375
0 0.6296875 0.428125 0.06875 0.0359375
0 0.53125 0.428125 0.090625 0.0359375
0 0.4125 0.428125 0.0671875 0.0328125
0 0.296875 0.421875 0.0796875 0.0390625
0 0.03125 0.4171875 0.0625 0.0375