0 0.3125 0.6625 0.0953125 0.0390625
0 0.51875 0.715625 0.0921875 0.040625
0 0.0375 0.165625 0.075 0.0765625
0 0.028125 0.7578125 0.0546875 0.0375
0 0.1171875 0.759375 0.084375 0.0390625
0 0.2078125 0.7625 0.071875 0.0359375
0 0.7453125 0.771875 0.071875 0.0375
0 0.834375 0.7734375 0.065625 0.034375
0 0.934375 0.440625 0.078125 0.0328125
0 0.84375 0.4390625 0.0828125 0.0375
0 0.7375 0.4359375 0.0828125 0.034375
0 0.6328125 0.4328125 0.06875 0.0375
0 0.534375 0.43125 0.0921875 0.0390625
0 0.415625 0.43125 0.0703125 0.0359375
0 0.296875 0.4265625 0.0796875 0.0375
0 0.034375 0.421875 0.0671875 0.0328125