0 0.4953125 0.80625 0.046875 0.08125
0 0.921875 0.6859375 0.0953125 0.04375
0 0.109375 0.584375 0.0890625 0.0421875
0 0.2328125 0.590625 0.071875 0.0390625
0 0.121875 0.525 0.0953125 0.0453125
0 0.2390625 0.465625 0.0875 0.0546875
0 0.46875 0.48125 0.0859375 0.0421875
0 0.625 0.484375 0.0921875 0.0515625
0 0.84375 0.49375 0.08125 0.0390625
0 0.98046875 0.45 0.0390625 0.046875
0 0.8875 0.44375 0.0796875 0.0390625
0 0.7875 0.44375 0.075 0.0390625
0 0.6953125 0.440625 0.071875 0.0421875
0 0.596875 0.434375 0.0640625 0.0421875
0 0.503125 0.4328125 0.0734375 0.040625
0 0.4078125 0.428125 0.0625 0.040625
0 0.315625 0.4234375 0.0703125 0.0375
0 0.5015625 0.6953125 0.071875 0.040625