0 0.7875 0.671875 0.075 0.0375
0 0.10625 0.54375 0.0859375 0.0359375
0 0.228125 0.546875 0.0703125 0.0359375
0 0.115625 0.484375 0.0953125 0.0421875
0 0.234375 0.425 0.0859375 0.0421875
0 0.4640625 0.4421875 0.084375 0.0375
0 0.6171875 0.446875 0.09375 0.0453125
0 0.8375 0.45 0.08125 0.0390625
0 0.978125 0.40625 0.04375 0.0359375
0 0.88125 0.403125 0.078125 0.0359375
0 0.78125 0.4 0.0765625 0.0359375
0 0.6875 0.4 0.0703125 0.0359375
0 0.590625 0.396875 0.0671875 0.0375
0 0.496875 0.39375 0.075 0.0359375
0 0.4 0.3890625 0.0609375 0.034375
0 0.3125 0.3859375 0.0734375 0.034375