0 0.634375 0.690625 0.078125 0.0453125
0 0.1109375 0.565625 0.0875 0.0375
0 0.234375 0.56875 0.0734375 0.0359375
0 0.1203125 0.50625 0.09375 0.0421875
0 0.2390625 0.446875 0.0875 0.046875
0 0.46875 0.459375 0.0828125 0.0421875
0 0.625 0.4625 0.09375 0.0484375
0 0.7234375 0.46875 0.0625 0.0390625
0 0.846875 0.46875 0.0828125 0.0390625
0 0.98046875 0.42734375 0.0390625 0.0359375
0 0.8890625 0.421875 0.078125 0.0359375
0 0.7890625 0.41875 0.078125 0.0375
0 0.696875 0.4171875 0.071875 0.0375
0 0.6 0.4140625 0.0671875 0.040625
0 0.503125 0.409375 0.0765625 0.0390625
0 0.409375 0.40625 0.0625 0.0359375
0 0.31875 0.403125 0.0734375 0.0359375