0 0.6015625 0.6984375 0.078125 0.05
0 0.1109375 0.571875 0.084375 0.040625
0 0.2328125 0.575 0.075 0.0375
0 0.1234375 0.5125 0.1 0.0484375
0 0.2390625 0.4515625 0.090625 0.046875
0 0.46875 0.465625 0.0859375 0.04375
0 0.621875 0.4671875 0.0953125 0.053125
0 0.721875 0.4734375 0.0640625 0.0375
0 0.846875 0.4734375 0.0828125 0.0375
0 0.8875 0.428125 0.0796875 0.034375
0 0.7875 0.425 0.078125 0.0375
0 0.6953125 0.421875 0.071875 0.0375
0 0.596875 0.421875 0.0640625 0.0359375
0 0.503125 0.415625 0.0765625 0.0390625
0 0.409375 0.4125 0.0640625 0.0390625
0 0.3171875 0.409375 0.075 0.0359375