0 0.271875 0.659375 0.0953125 0.0390625
0 0.5046875 0.7140625 0.09375 0.040625
0 0.1375 0.165625 0.0765625 0.078125
0 0.10625 0.75625 0.0953125 0.0390625
0 0.2171875 0.759375 0.084375 0.0359375
0 0.30625 0.7625 0.071875 0.0359375
0 0.84375 0.771875 0.071875 0.0390625
0 0.934375 0.771875 0.065625 0.0359375
0 0.9421875 0.440625 0.08125 0.0359375
0 0.834375 0.4375 0.0796875 0.0359375
0 0.73125 0.434375 0.071875 0.0359375
0 0.6328125 0.43125 0.090625 0.040625
0 0.5140625 0.43125 0.065625 0.0328125
0 0.3984375 0.4265625 0.084375 0.0375
0 0.128125 0.421875 0.075 0.0359375