0 0.7078125 0.6625 0.09375 0.0390625
0 0.85 0.71875 0.0859375 0.0453125
0 0.1375 0.1609375 0.0765625 0.078125
0 0.109375 0.75625 0.0921875 0.0328125
0 0.21875 0.759375 0.08125 0.0390625
0 0.309375 0.7625 0.071875 0.0375
0 0.4109375 0.7625 0.08125 0.0359375
0 0.8453125 0.7703125 0.075 0.0375
0 0.9375 0.771875 0.0640625 0.0328125
0 0.94375 0.434375 0.08125 0.0359375
0 0.8375 0.43125 0.08125 0.0359375
0 0.734375 0.428125 0.0671875 0.0375
0 0.6359375 0.428125 0.090625 0.0390625
0 0.5171875 0.428125 0.065625 0.0359375
0 0.403125 0.421875 0.0828125 0.0390625
0 0.128125 0.4203125 0.0734375 0.034375