0 0.496875 0.9125 0.05625 0.071875
0 0.128125 0.7078125 0.0984375 0.053125
0 0.534375 0.75625 0.0921875 0.05625
0 0.115625 0.603125 0.0859375 0.0484375
0 0.2390625 0.6140625 0.071875 0.04375
0 0.128125 0.546875 0.0953125 0.0453125
0 0.246875 0.4875 0.084375 0.05625
0 0.475 0.50625 0.0828125 0.0453125
0 0.6296875 0.5109375 0.090625 0.053125
0 0.7296875 0.515625 0.0625 0.0421875
0 0.853125 0.51875 0.0859375 0.04375
0 0.984375 0.478125 0.03125 0.0453125
0 0.896875 0.471875 0.0796875 0.04375
0 0.796875 0.471875 0.075 0.040625
0 0.7 0.465625 0.0703125 0.04375
0 0.603125 0.4625 0.0640625 0.0421875
0 0.509375 0.45625 0.071875 0.040625
0 0.415625 0.453125 0.0640625 0.0453125
0 0.325 0.446875 0.071875 0.0453125