0 0.75625 0.6578125 0.0953125 0.040625
0 0.8609375 0.709375 0.090625 0.0421875
0 0.775 0.7125 0.0484375 0.0296875
0 0.0390625 0.1453125 0.078125 0.078125
0 0.028125 0.740625 0.0546875 0.0359375
0 0.11875 0.74375 0.08125 0.0359375
0 0.209375 0.746875 0.0703125 0.0359375
0 0.309375 0.746875 0.0796875 0.0359375
0 0.746875 0.7546875 0.0671875 0.034375
0 0.834375 0.75625 0.06875 0.034375
0 0.934375 0.43125 0.078125 0.0328125
0 0.8421875 0.425 0.08125 0.0359375
0 0.7359375 0.4234375 0.08125 0.034375
0 0.63125 0.41875 0.0703125 0.0359375
0 0.53125 0.4203125 0.0921875 0.0375
0 0.415625 0.4203125 0.06875 0.034375
0 0.3 0.4125 0.0796875 0.0390625
0 0.034375 0.403125 0.0671875 0.034375