0 0.509375 0.765625 0.0578125 0.084375
0 0.1125 0.578125 0.0859375 0.040625
0 0.234375 0.58125 0.0734375 0.040625
0 0.121875 0.515625 0.0953125 0.0421875
0 0.2375 0.4578125 0.0890625 0.053125
0 0.471875 0.475 0.0859375 0.0453125
0 0.6234375 0.475 0.09375 0.0484375
0 0.84375 0.484375 0.0828125 0.0375
0 0.98046875 0.440625 0.0390625 0.040625
0 0.8875 0.4359375 0.0765625 0.0375
0 0.7890625 0.434375 0.075 0.0390625
0 0.696875 0.43125 0.075 0.0390625
0 0.596875 0.428125 0.0671875 0.040625
0 0.503125 0.425 0.075 0.0390625
0 0.409375 0.41875 0.065625 0.040625
0 0.31875 0.415625 0.0703125 0.0390625
0 0.69375 0.6859375 0.0703125 0.0375