0 0.040625 0.6625 0.08125 0.040625
0 0.2984375 0.715625 0.09375 0.04375
0 0.0375 0.16875 0.0734375 0.0734375
0 0.028125 0.75859375 0.05625 0.0390625
0 0.11875 0.7609375 0.0875 0.0375
0 0.209375 0.765625 0.0703125 0.0359375
0 0.746875 0.775 0.0703125 0.0390625
0 0.8375 0.7765625 0.0609375 0.034375
0 0.934375 0.446875 0.0765625 0.0359375
0 0.84375 0.44375 0.0828125 0.0359375
0 0.7375 0.4421875 0.0796875 0.034375
0 0.634375 0.4375 0.06875 0.0390625
0 0.534375 0.4375 0.090625 0.040625
0 0.415625 0.434375 0.06875 0.0359375
0 0.3 0.43125 0.0828125 0.0375
0 0.034375 0.4265625 0.0671875 0.034375