0 0.1375 0.6625 0.0953125 0.040625
0 0.4 0.715625 0.09375 0.04375
0 0.1375 0.16875 0.075 0.0734375
0 0.109375 0.759375 0.0984375 0.0390625
0 0.2203125 0.7609375 0.0875 0.0375
0 0.309375 0.765625 0.0703125 0.0359375
0 0.846875 0.775 0.0703125 0.0390625
0 0.9375 0.7765625 0.0609375 0.034375
0 0.94375 0.44375 0.0828125 0.0359375
0 0.8375 0.4421875 0.0796875 0.034375
0 0.7359375 0.4375 0.06875 0.0390625
0 0.6359375 0.4375 0.090625 0.040625
0 0.5171875 0.434375 0.06875 0.0359375
0 0.4 0.43125 0.0828125 0.0375
0 0.13125 0.4265625 0.0765625 0.034375