0 0.553125 0.659375 0.0953125 0.0390625
0 0.734375 0.715625 0.0890625 0.0453125
0 0.1375 0.1625 0.0765625 0.0765625
0 0.10625 0.75625 0.0921875 0.0359375
0 0.2171875 0.75625 0.084375 0.0390625
0 0.30625 0.7625 0.0703125 0.0359375
0 0.4078125 0.7625 0.08125 0.0359375
0 0.8453125 0.76875 0.071875 0.0390625
0 0.934375 0.76875 0.0671875 0.0328125
0 0.9421875 0.434375 0.084375 0.0359375
0 0.834375 0.43125 0.078125 0.034375
0 0.73125 0.428125 0.06875 0.0359375
0 0.6328125 0.428125 0.090625 0.0359375
0 0.515625 0.428125 0.0671875 0.0328125
0 0.396875 0.421875 0.0796875 0.0390625
0 0.128125 0.4171875 0.0765625 0.0375