0 0.60625 0.6625 0.09375 0.0390625
0 0.746875 0.71875 0.0859375 0.0453125
0 0.0375 0.1609375 0.075 0.078125
0 0.028125 0.75625 0.0546875 0.0328125
0 0.1171875 0.759375 0.08125 0.0390625
0 0.2078125 0.7625 0.071875 0.0375
0 0.309375 0.7625 0.08125 0.0359375
0 0.74375 0.7703125 0.075 0.0375
0 0.834375 0.771875 0.0640625 0.0328125
0 0.934375 0.4375 0.0765625 0.0359375
0 0.8421875 0.434375 0.08125 0.0359375
0 0.7359375 0.43125 0.08125 0.0359375
0 0.63125 0.428125 0.0671875 0.0375
0 0.534375 0.428125 0.090625 0.0390625
0 0.415625 0.428125 0.065625 0.0359375
0 0.3 0.421875 0.0828125 0.0390625
0 0.03125 0.4203125 0.0625 0.034375