0 0.95 0.65625 0.0765625 0.0421875
0 0.096875 0.540625 0.0859375 0.0328125
0 0.23125 0.5421875 0.071875 0.0375
0 0.10625 0.48125 0.0984375 0.0421875
0 0.2359375 0.4203125 0.090625 0.04375
0 0.465625 0.4296875 0.0859375 0.0375
0 0.621875 0.43125 0.0921875 0.0421875
0 0.721875 0.4375 0.0609375 0.0421875
0 0.84375 0.4359375 0.0828125 0.0375
0 0.978125 0.390625 0.0421875 0.0359375
0 0.884375 0.3890625 0.0828125 0.03125
0 0.7859375 0.3859375 0.075 0.03125
0 0.690625 0.3875 0.0703125 0.03125
0 0.59375 0.384375 0.0640625 0.0328125
0 0.5 0.38125 0.0734375 0.0359375
0 0.40625 0.378125 0.0640625 0.0328125
0 0.315625 0.375 0.0734375 0.0328125