0 0.16875 0.659375 0.0953125 0.0390625
0 0.403125 0.7140625 0.09375 0.040625
0 0.0375 0.165625 0.0734375 0.078125
0 0.025 0.75546875 0.05 0.0390625
0 0.115625 0.759375 0.084375 0.0359375
0 0.2046875 0.7625 0.071875 0.0359375
0 0.7421875 0.771875 0.071875 0.0390625
0 0.8328125 0.771875 0.065625 0.0359375
0 0.93125 0.44375 0.0765625 0.0359375
0 0.840625 0.440625 0.08125 0.0359375
0 0.734375 0.4375 0.0796875 0.0359375
0 0.6296875 0.434375 0.071875 0.0359375
0 0.53125 0.43125 0.090625 0.040625
0 0.4125 0.43125 0.065625 0.0328125
0 0.296875 0.4265625 0.084375 0.0375
0 0.03125 0.42109375 0.0625 0.0359375