0 0.415625 0.6625 0.0953125 0.0390625
0 0.61875 0.715625 0.0921875 0.040625
0 0.1375 0.165625 0.0765625 0.0765625
0 0.109375 0.7578125 0.09375 0.0375
0 0.21875 0.759375 0.084375 0.0390625
0 0.309375 0.7625 0.071875 0.0359375
0 0.846875 0.771875 0.071875 0.0375
0 0.9359375 0.7734375 0.065625 0.034375
0 0.94375 0.4390625 0.0828125 0.0375
0 0.8375 0.4359375 0.0828125 0.034375
0 0.734375 0.4328125 0.06875 0.0375
0 0.634375 0.43125 0.0921875 0.0390625
0 0.51875 0.43125 0.0703125 0.0359375
0 0.4 0.4265625 0.0796875 0.0375
0 0.13125 0.421875 0.0765625 0.0328125
0 0.4140625 0.7640625 0.090625 0.0421875