0 0.8359375 0.6671875 0.075 0.0375
0 0.109375 0.546875 0.0890625 0.0375
0 0.2296875 0.55 0.06875 0.0359375
0 0.11875 0.4859375 0.09375 0.040625
0 0.2359375 0.4265625 0.090625 0.04375
0 0.4671875 0.4375 0.084375 0.0421875
0 0.621875 0.440625 0.096875 0.046875
0 0.8421875 0.4453125 0.08125 0.040625
0 0.978125 0.4 0.0421875 0.0375
0 0.884375 0.396875 0.0796875 0.0359375
0 0.7859375 0.39375 0.075 0.0359375
0 0.690625 0.3953125 0.0671875 0.034375
0 0.596875 0.3921875 0.0671875 0.034375
0 0.503125 0.390625 0.0765625 0.0359375
0 0.40625 0.384375 0.0609375 0.0328125
0 0.315625 0.384375 0.0765625 0.0328125