0 0.85625 0.6578125 0.0953125 0.040625
0 0.95859375 0.70859375 0.0828125 0.0421875
0 0.140625 0.1453125 0.078125 0.078125
0 0.109375 0.740625 0.0921875 0.0359375
0 0.2203125 0.74375 0.08125 0.0359375
0 0.309375 0.746875 0.0703125 0.0359375
0 0.4125 0.746875 0.0796875 0.0359375
0 0.85 0.7546875 0.0671875 0.034375
0 0.9359375 0.75625 0.06875 0.034375
0 0.94375 0.425 0.08125 0.0359375
0 0.8375 0.4234375 0.08125 0.034375
0 0.734375 0.41875 0.0703125 0.0359375
0 0.634375 0.4203125 0.0921875 0.0375
0 0.5171875 0.4203125 0.06875 0.034375
0 0.403125 0.4125 0.0796875 0.0390625
0 0.13125 0.403125 0.0765625 0.034375
0 0.1078125 0.6453125 0.071875 0.0375