0 0.046875 0.7125 0.0921875 0.0515625
0 0.121875 0.609375 0.0859375 0.0515625
0 0.24375 0.61875 0.0703125 0.04375
0 0.13125 0.5515625 0.0953125 0.046875
0 0.4796875 0.515625 0.08125 0.04375
0 0.6328125 0.51875 0.09375 0.0515625
0 0.7328125 0.5234375 0.0625 0.040625
0 0.853125 0.528125 0.0796875 0.0453125
0 0.984375 0.4875 0.0296875 0.0453125
0 0.896875 0.4796875 0.08125 0.04375
0 0.796875 0.475 0.0765625 0.040625
0 0.70625 0.471875 0.0703125 0.0390625
0 0.60625 0.4703125 0.0671875 0.040625
0 0.5125 0.4625 0.071875 0.0421875
0 0.41875 0.4578125 0.0625 0.04375
0 0.328125 0.453125 0.071875 0.0421875
0 0.446875 0.7640625 0.090625 0.053125
0 0.25 0.4953125 0.090625 0.0609375