0 0.571875 0.703125 0.0796875 0.0640625
0 0.109375 0.565625 0.0859375 0.0390625
0 0.23125 0.5703125 0.0734375 0.040625
0 0.121875 0.50625 0.0984375 0.0453125
0 0.2375 0.446875 0.0890625 0.0484375
0 0.4703125 0.4625 0.084375 0.040625
0 0.621875 0.4625 0.0953125 0.0484375
0 0.721875 0.4703125 0.065625 0.0375
0 0.846875 0.471875 0.0828125 0.0390625
0 0.98046875 0.428125 0.0390625 0.0375
0 0.8875 0.425 0.0796875 0.0359375
0 0.790625 0.421875 0.0796875 0.034375
0 0.6953125 0.4171875 0.071875 0.040625
0 0.596875 0.415625 0.065625 0.040625
0 0.503125 0.4125 0.075 0.0390625
0 0.409375 0.4078125 0.0625 0.0375
0 0.3171875 0.4046875 0.071875 0.040625