0 0.5453125 0.7234375 0.075 0.071875
0 0.1125 0.5734375 0.0859375 0.0375
0 0.234375 0.575 0.071875 0.0421875
0 0.125 0.5125 0.096875 0.0453125
0 0.240625 0.453125 0.0890625 0.05
0 0.471875 0.46875 0.0859375 0.04375
0 0.6265625 0.4703125 0.09375 0.053125
0 0.725 0.4765625 0.065625 0.0375
0 0.846875 0.478125 0.0828125 0.0390625
0 0.98125 0.4359375 0.0359375 0.040625
0 0.8875 0.4328125 0.0765625 0.034375
0 0.790625 0.428125 0.0765625 0.0375
0 0.6984375 0.425 0.071875 0.0390625
0 0.596875 0.421875 0.0640625 0.0390625
0 0.5046875 0.4203125 0.075 0.0375
0 0.409375 0.415625 0.0640625 0.0390625
0 0.321875 0.4109375 0.0703125 0.0375
0 0.8984375 0.678125 0.06875 0.0359375