0 0.4921875 0.821875 0.04375 0.08125
0 0.7078125 0.684375 0.09375 0.0453125
0 0.109375 0.58125 0.0890625 0.0421875
0 0.2328125 0.5875 0.071875 0.040625
0 0.121875 0.521875 0.096875 0.0453125
0 0.2390625 0.4625 0.0875 0.0578125
0 0.4671875 0.48125 0.0875 0.04375
0 0.625 0.484375 0.096875 0.053125
0 0.721875 0.490625 0.0625 0.0421875
0 0.84375 0.49375 0.08125 0.040625
0 0.8875 0.4453125 0.0796875 0.040625
0 0.7875 0.4421875 0.0765625 0.040625
0 0.696875 0.4375 0.0734375 0.0421875
0 0.5953125 0.434375 0.065625 0.04375
0 0.5015625 0.43125 0.071875 0.0375
0 0.4125 0.4265625 0.0640625 0.04375
0 0.31875 0.421875 0.06875 0.0421875
0 0.31875 0.690625 0.0734375 0.0421875