0 0.46875 0.56875 0.065625 0.05
0 0.296875 0.6484375 0.06875 0.05
0 0.690625 0.4125 0.078125 0.05625
0 0.4625 0.396875 0.0671875 0.040625
0 0.31875 0.265625 0.059375 0.0765625
0 0.2609375 0.165625 0.05 0.0671875
0 0.30625 0.034375 0.053125 0.065625
0 0.08125 0.0265625 0.0765625 0.046875
0 0.25625 0.284375 0.0421875 0.05
0 0.1859375 0.125 0.04375 0.053125
0 0.6828125 0.0796875 0.071875 0.040625
0 0.8109375 0.075 0.065625 0.0328125
0 0.121875 0.7625 0.0765625 0.05
0 0.2125 0.9703125 0.0640625 0.034375
0 0.66875 0.821875 0.0640625 0.0625
0 0.728125 0.871875 0.0703125 0.06875
0 0.7875 0.921875 0.0703125 0.0640625
0 0.8515625 0.9671875 0.06875 0.059375