0 0.46875 0.56875 0.065625 0.05
0 0.26875 0.659375 0.06875 0.0515625
0 0.753125 0.384375 0.0796875 0.059375
0 0.471875 0.4 0.0640625 0.0359375
0 0.31875 0.265625 0.059375 0.0765625
0 0.2625 0.165625 0.0515625 0.0671875
0 0.30625 0.0328125 0.05 0.0625
0 0.08125 0.025 0.0734375 0.0453125
0 0.25625 0.2875 0.0390625 0.0453125
0 0.184375 0.1234375 0.04375 0.053125
0 0.684375 0.078125 0.071875 0.0375
0 0.8109375 0.075 0.065625 0.0328125
0 0.05 0.7875 0.0734375 0.0484375
0 0.2125 0.971875 0.065625 0.0359375
0 0.6703125 0.821875 0.065625 0.0625
0 0.728125 0.871875 0.071875 0.0703125
0 0.7859375 0.921875 0.071875 0.0640625
0 0.85 0.965625 0.0703125 0.0640625