0 0.4625 0.571875 0.0671875 0.05
0 0.3125 0.640625 0.0703125 0.05
0 0.621875 0.44375 0.0796875 0.0625
0 0.4453125 0.396875 0.06875 0.0453125
0 0.3125 0.26875 0.059375 0.0765625
0 0.25625 0.1703125 0.0515625 0.06875
0 0.3015625 0.0375 0.05625 0.0671875
0 0.075 0.028125 0.0703125 0.0453125
0 0.25 0.2890625 0.0390625 0.046875
0 0.178125 0.128125 0.0421875 0.053125
0 0.678125 0.084375 0.071875 0.0359375
0 0.8046875 0.078125 0.065625 0.03125
0 0.19375 0.734375 0.0734375 0.0484375
0 0.20625 0.975 0.0640625 0.0359375
0 0.6625 0.825 0.0640625 0.059375
0 0.721875 0.875 0.071875 0.0671875
0 0.78125 0.9265625 0.071875 0.065625
0 0.8453125 0.96875 0.06875 0.0625