0 0.2125 0.571875 0.0671875 0.05
0 0.0625 0.640625 0.0703125 0.05
0 0.371875 0.44375 0.0796875 0.0625
0 0.9625 0.2625 0.071875 0.0484375
0 0.1953125 0.396875 0.06875 0.0453125
0 0.0625 0.26875 0.059375 0.0765625
0 0.015625 0.1703125 0.03125 0.06875
0 0.0515625 0.0375 0.05625 0.0671875
0 0.428125 0.084375 0.071875 0.0359375
0 0.5546875 0.078125 0.065625 0.03125
0 0.4125 0.825 0.0640625 0.059375
0 0.471875 0.875 0.071875 0.0671875
0 0.53125 0.9265625 0.071875 0.065625
0 0.5953125 0.96875 0.06875 0.0625
0 0.8484375 0.4578125 0.0375 0.065625
0 0.8328125 0.5703125 0.034375 0.075
0 0.825 0.6625 0.0359375 0.0640625
0 0.796875 0.8375 0.0359375 0.075
0 0.8625 0.6671875 0.0484375 0.078125
0 0.909375 0.628125 0.0421875 0.08125