0 0.48125 0.575 0.0671875 0.0515625
0 0.23125 0.640625 0.0703125 0.0484375
0 0.171875 0.7109375 0.071875 0.046875
0 0.9390625 0.309375 0.078125 0.0546875
0 0.8765625 0.440625 0.075 0.05625
0 0.5 0.409375 0.0640625 0.0328125
0 0.328125 0.271875 0.0578125 0.0765625
0 0.2734375 0.171875 0.05 0.06875
0 0.3171875 0.0375 0.053125 0.0671875
0 0.0953125 0.03125 0.071875 0.0484375
0 0.196875 0.128125 0.0453125 0.0578125
0 0.696875 0.084375 0.0703125 0.0359375
0 0.8234375 0.08125 0.065625 0.03125
0 0.2234375 0.975 0.0625 0.0375
0 0.6796875 0.828125 0.065625 0.0625
0 0.7390625 0.878125 0.06875 0.065625
0 0.7953125 0.928125 0.075 0.06875
0 0.85625 0.96875 0.06875 0.0625