0 0.20625 0.5703125 0.0703125 0.053125
0 0.125 0.60625 0.065625 0.0484375
0 0.090625 0.209375 0.0515625 0.0671875
0 0.0578125 0.265625 0.05625 0.0734375
0 0.046875 0.034375 0.053125 0.0640625
0 0.425 0.078125 0.0703125 0.0328125
0 0.55 0.075 0.0671875 0.0328125
0 0.53125 0.3625 0.0640625 0.0515625
0 0.4546875 0.4984375 0.075 0.05625
0 0.0875 0.6796875 0.0796875 0.053125
0 0.409375 0.821875 0.0578125 0.0546875
0 0.4671875 0.871875 0.06875 0.0671875
0 0.528125 0.9234375 0.071875 0.065625
0 0.5875 0.965625 0.0734375 0.0640625
0 0.840625 0.45625 0.0359375 0.065625
0 0.8265625 0.5671875 0.0375 0.075
0 0.821875 0.65625 0.0359375 0.0625
0 0.79375 0.834375 0.0359375 0.0703125
0 0.859375 0.65 0.04375 0.078125
0 0.903125 0.625 0.0421875 0.078125
0 0.878125 0.803125 0.0390625 0.075