0 0.20625 0.56875 0.0703125 0.0515625
0 0.125 0.60625 0.0671875 0.05
0 0.04375 0.121875 0.05625 0.0703125
0 0.0578125 0.2640625 0.05625 0.075
0 0.0453125 0.034375 0.053125 0.0640625
0 0.421875 0.0796875 0.0703125 0.034375
0 0.5484375 0.075 0.06875 0.0328125
0 0.390625 0.428125 0.0640625 0.0515625
0 0.59375 0.425 0.0734375 0.0546875
0 0.2265625 0.6171875 0.078125 0.05625
0 0.409375 0.821875 0.0578125 0.0578125
0 0.465625 0.8703125 0.0671875 0.065625
0 0.528125 0.921875 0.0734375 0.0671875
0 0.5875 0.965625 0.071875 0.0640625
0 0.8375 0.4546875 0.0359375 0.06875
0 0.81875 0.6546875 0.034375 0.0625
0 0.790625 0.83125 0.0359375 0.0703125
0 0.859375 0.640625 0.040625 0.0765625
0 0.9 0.625 0.040625 0.0796875
0 0.8765625 0.803125 0.034375 0.071875
0 0.8296875 0.56875 0.0421875 0.0703125