0 0.4625 0.56875 0.0671875 0.05
0 0.359375 0.6171875 0.0671875 0.05
0 0.4375 0.528125 0.078125 0.0578125
0 0.40625 0.346875 0.05625 0.0640625
0 0.3140625 0.265625 0.059375 0.075
0 0.2578125 0.1640625 0.05 0.06875
0 0.3015625 0.03125 0.053125 0.0625
0 0.0765625 0.025 0.075 0.0484375
0 0.253125 0.284375 0.0375 0.046875
0 0.18125 0.125 0.0421875 0.05
0 0.6796875 0.078125 0.06875 0.0359375
0 0.80625 0.075 0.0671875 0.034375
0 0.4203125 0.640625 0.075 0.053125
0 0.059375 0.7875 0.0765625 0.0484375
0 0.209375 0.971875 0.065625 0.0375
0 0.665625 0.8203125 0.0609375 0.059375
0 0.721875 0.871875 0.0734375 0.06875
0 0.784375 0.921875 0.0703125 0.0640625
0 0.846875 0.965625 0.0703125 0.0609375