0 0.45625 0.5703125 0.0703125 0.053125
0 0.375 0.60625 0.065625 0.0484375
0 0.171875 0.640625 0.08125 0.0578125
0 0.340625 0.209375 0.0515625 0.0671875
0 0.3078125 0.265625 0.05625 0.0734375
0 0.2515625 0.165625 0.05 0.0703125
0 0.296875 0.034375 0.053125 0.0640625
0 0.071875 0.025 0.0734375 0.04375
0 0.246875 0.284375 0.0375 0.0453125
0 0.175 0.125 0.0421875 0.053125
0 0.675 0.078125 0.0703125 0.0328125
0 0.8 0.075 0.0671875 0.0328125
0 0.78125 0.3625 0.0640625 0.0515625
0 0.7046875 0.4984375 0.075 0.05625
0 0.3375 0.6796875 0.0796875 0.053125
0 0.203125 0.971875 0.0640625 0.0359375
0 0.659375 0.821875 0.0578125 0.0546875
0 0.7171875 0.871875 0.06875 0.0671875
0 0.778125 0.9234375 0.071875 0.065625
0 0.8375 0.965625 0.0734375 0.0640625