0 0.4640625 0.5703125 0.06875 0.05
0 0.36875 0.6140625 0.0671875 0.05
0 0.371875 0.55625 0.0796875 0.0578125
0 0.39375 0.321875 0.05 0.0671875
0 0.3140625 0.265625 0.059375 0.0734375
0 0.2578125 0.165625 0.046875 0.0671875
0 0.303125 0.034375 0.0546875 0.0671875
0 0.078125 0.0265625 0.0734375 0.05
0 0.18125 0.125 0.040625 0.0484375
0 0.6796875 0.0796875 0.06875 0.034375
0 0.80625 0.075 0.0671875 0.034375
0 0.4953125 0.609375 0.075 0.0546875
0 0.13125 0.7625 0.0796875 0.053125
0 0.209375 0.9734375 0.0671875 0.0375
0 0.665625 0.821875 0.0609375 0.0578125
0 0.725 0.871875 0.06875 0.0671875
0 0.784375 0.921875 0.0703125 0.0640625
0 0.846875 0.965625 0.06875 0.0609375