0 0.4671875 0.56875 0.06875 0.053125
0 0.3359375 0.6296875 0.06875 0.05
0 0.565625 0.4703125 0.0796875 0.059375
0 0.4359375 0.384375 0.065625 0.05
0 0.3171875 0.2640625 0.059375 0.0765625
0 0.259375 0.165625 0.0484375 0.0671875
0 0.3046875 0.034375 0.053125 0.065625
0 0.0796875 0.025 0.071875 0.0421875
0 0.2546875 0.284375 0.040625 0.046875
0 0.184375 0.125 0.04375 0.0515625
0 0.68125 0.0796875 0.06875 0.034375
0 0.809375 0.075 0.0640625 0.03125
0 0.271875 0.703125 0.0765625 0.0515625
0 0.2125 0.971875 0.06875 0.0359375
0 0.6671875 0.821875 0.0625 0.0609375
0 0.725 0.871875 0.0734375 0.06875
0 0.784375 0.921875 0.071875 0.0640625
0 0.85 0.965625 0.0671875 0.059375