0 0.4625 0.56875 0.0703125 0.0515625
0 0.346875 0.6234375 0.0671875 0.05
0 0.5 0.4984375 0.0796875 0.059375
0 0.41875 0.36875 0.0640625 0.0625
0 0.3125 0.265625 0.0578125 0.075
0 0.25625 0.165625 0.0515625 0.0671875
0 0.3015625 0.034375 0.053125 0.0640625
0 0.075 0.0265625 0.0765625 0.046875
0 0.253125 0.284375 0.0390625 0.0484375
0 0.18125 0.1265625 0.0421875 0.05
0 0.678125 0.078125 0.06875 0.0359375
0 0.80625 0.075 0.0671875 0.0328125
0 0.3453125 0.671875 0.075 0.0515625
0 0.209375 0.971875 0.065625 0.034375
0 0.665625 0.821875 0.0609375 0.0578125
0 0.725 0.871875 0.0703125 0.0671875
0 0.784375 0.921875 0.0703125 0.0625
0 0.846875 0.9671875 0.06875 0.059375