0 0.453125 0.5703125 0.0703125 0.053125
0 0.371875 0.609375 0.0671875 0.0515625
0 0.2640625 0.075 0.05625 0.0703125
0 0.3046875 0.265625 0.05625 0.075
0 0.246875 0.165625 0.05 0.071875
0 0.2921875 0.034375 0.053125 0.0640625
0 0.065625 0.025 0.0734375 0.0453125
0 0.240625 0.284375 0.0390625 0.046875
0 0.66875 0.08125 0.0703125 0.034375
0 0.79375 0.0765625 0.0671875 0.034375
0 0.565625 0.465625 0.065625 0.0515625
0 0.9109375 0.3875 0.075 0.0578125
0 0.54375 0.5875 0.0796875 0.0578125
0 0.2 0.971875 0.0671875 0.0359375
0 0.65625 0.8234375 0.0578125 0.05625
0 0.7140625 0.8734375 0.06875 0.065625
0 0.7734375 0.921875 0.075 0.0671875
0 0.8328125 0.9671875 0.071875 0.0625