0 0.459375 0.571875 0.0703125 0.0515625
0 0.371875 0.6125 0.0671875 0.05
0 0.303125 0.5875 0.0796875 0.059375
0 0.375 0.2890625 0.046875 0.06875
0 0.309375 0.26875 0.0609375 0.0765625
0 0.253125 0.16875 0.0515625 0.0703125
0 0.296875 0.034375 0.0515625 0.0640625
0 0.071875 0.028125 0.075 0.046875
0 0.25 0.2875 0.0359375 0.04375
0 0.178125 0.128125 0.0421875 0.0515625
0 0.675 0.08125 0.071875 0.0375
0 0.803125 0.078125 0.0671875 0.0328125
0 0.9265625 0.303125 0.065625 0.0515625
0 0.5625 0.575 0.075 0.0546875
0 0.1984375 0.7375 0.078125 0.0515625
0 0.20625 0.975 0.0671875 0.0359375
0 0.6609375 0.825 0.059375 0.0578125
0 0.71875 0.875 0.0734375 0.0671875
0 0.78125 0.925 0.0703125 0.0625
0 0.8390625 0.96796875 0.071875 0.0640625