0 0.2171875 0.56875 0.06875 0.053125
0 0.0859375 0.6296875 0.06875 0.05
0 0.315625 0.4703125 0.0796875 0.059375
0 0.1859375 0.384375 0.065625 0.05
0 0.0671875 0.265625 0.059375 0.0765625
0 0.0171875 0.165625 0.034375 0.0671875
0 0.0546875 0.034375 0.053125 0.065625
0 0.43125 0.0796875 0.06875 0.034375
0 0.559375 0.075 0.0640625 0.03125
0 0.9703125 0.19375 0.059375 0.0421875
0 0.03125 0.703125 0.0609375 0.0515625
0 0.4171875 0.821875 0.0625 0.0609375
0 0.475 0.871875 0.0734375 0.06875
0 0.534375 0.921875 0.071875 0.0640625
0 0.6 0.965625 0.0671875 0.059375
0 0.853125 0.45625 0.0359375 0.0671875
0 0.8375 0.5671875 0.0375 0.075
0 0.828125 0.659375 0.0359375 0.0640625
0 0.8015625 0.8328125 0.0375 0.071875
0 0.86875 0.6609375 0.0484375 0.078125
0 0.9125 0.625 0.0421875 0.0796875
0 0.890625 0.803125 0.0421875 0.078125