0 0.45625 0.56875 0.0703125 0.0515625
0 0.375 0.60625 0.0671875 0.05
0 0.040625 0.6875 0.0796875 0.053125
0 0.29375 0.121875 0.05625 0.0703125
0 0.3078125 0.2640625 0.05625 0.075
0 0.25 0.1640625 0.05 0.071875
0 0.2953125 0.034375 0.053125 0.0640625
0 0.0703125 0.025 0.075 0.04375
0 0.246875 0.284375 0.0390625 0.0453125
0 0.175 0.1234375 0.0421875 0.05625
0 0.671875 0.0796875 0.0703125 0.034375
0 0.7984375 0.075 0.06875 0.0328125
0 0.640625 0.428125 0.0640625 0.0515625
0 0.84375 0.425 0.0734375 0.0546875
0 0.4765625 0.6171875 0.078125 0.05625
0 0.203125 0.971875 0.065625 0.034375
0 0.659375 0.821875 0.0578125 0.0578125
0 0.715625 0.8703125 0.0671875 0.065625
0 0.778125 0.921875 0.0734375 0.0671875
0 0.8375 0.965625 0.071875 0.0640625