0 0.4625 0.5671875 0.0703125 0.053125
0 0.3765625 0.60625 0.06875 0.0515625
0 0.3078125 0.2640625 0.059375 0.075
0 0.2515625 0.1625 0.053125 0.0703125
0 0.2421875 0.028125 0.0515625 0.05625
0 0.296875 0.03125 0.053125 0.0625
0 0.06875 0.025 0.0734375 0.0453125
0 0.246875 0.284375 0.040625 0.0484375
0 0.675 0.0796875 0.0703125 0.034375
0 0.796875 0.0734375 0.0640625 0.03125
0 0.496875 0.4984375 0.0640625 0.05
0 0.9734375 0.35 0.053125 0.0578125
0 0.615625 0.55 0.078125 0.0546875
0 0.203125 0.971875 0.0640625 0.0359375
0 0.6609375 0.821875 0.05625 0.0578125
0 0.715625 0.871875 0.0671875 0.0640625
0 0.7765625 0.921875 0.071875 0.0671875
0 0.8375 0.965625 0.0734375 0.065625