0 0.209375 0.55625 0.0640625 0.0640625
0 0.115625 0.6109375 0.0640625 0.05
0 0.05625 0.2671875 0.0578125 0.078125
0 0.0125 0.16796875 0.025 0.0703125
0 0.04375 0.0375 0.053125 0.0640625
0 0.409375 0.0859375 0.0703125 0.034375
0 0.534375 0.08125 0.065625 0.0328125
0 0.090625 0.56875 0.0640625 0.0515625
0 0.85625 0.2875 0.0734375 0.05625
0 0.4875 0.4875 0.0765625 0.0578125
0 0.396875 0.825 0.0609375 0.0578125
0 0.453125 0.8765625 0.0703125 0.06875
0 0.5125 0.9265625 0.0734375 0.06875
0 0.5734375 0.96875 0.071875 0.0609375
0 0.825 0.459375 0.034375 0.0671875
0 0.80625 0.6578125 0.0359375 0.0625
0 0.7796875 0.8375 0.034375 0.06875
0 0.85 0.61875 0.0359375 0.0765625
0 0.8875 0.63125 0.0390625 0.0796875
0 0.8625 0.8078125 0.0390625 0.071875