0 0.221875 0.540625 0.0546875 0.0703125
0 0.128125 0.60625 0.0671875 0.0515625
0 0.053125 0.2671875 0.0546875 0.075
0 0.040625 0.0375 0.0546875 0.0671875
0 0.41875 0.08125 0.0734375 0.034375
0 0.5421875 0.078125 0.065625 0.0328125
0 0.028125 0.6015625 0.0546875 0.05
0 0.934375 0.253125 0.0734375 0.05
0 0.5625 0.4484375 0.075 0.05625
0 0.40625 0.825 0.0578125 0.0578125
0 0.459375 0.871875 0.0671875 0.0671875
0 0.521875 0.925 0.0734375 0.0671875
0 0.584375 0.9671875 0.0703125 0.0625
0 0.83125 0.459375 0.03125 0.0640625
0 0.8125 0.65625 0.0359375 0.065625
0 0.784375 0.8359375 0.0390625 0.071875
0 0.85625 0.609375 0.0359375 0.0765625
0 0.89375 0.628125 0.0375 0.078125
0 0.86875 0.80625 0.0359375 0.0734375
0 0.9609375 0.5546875 0.05 0.028125