0 0.2125 0.5640625 0.0671875 0.059375
0 0.125 0.6078125 0.065625 0.05
0 0.05625 0.265625 0.05625 0.075
0 0.0125 0.165625 0.025 0.0703125
0 0.0453125 0.034375 0.053125 0.065625
0 0.4203125 0.08125 0.06875 0.0328125
0 0.54375 0.078125 0.0640625 0.0328125
0 0.171875 0.534375 0.0640625 0.0515625
0 0.7984375 0.3171875 0.071875 0.05625
0 0.43125 0.51875 0.075 0.0546875
0 0.409375 0.821875 0.0578125 0.05625
0 0.4625 0.8734375 0.0671875 0.065625
0 0.521875 0.921875 0.0703125 0.0640625
0 0.584375 0.965625 0.0703125 0.0640625
0 0.834375 0.4578125 0.034375 0.065625
0 0.8140625 0.65625 0.040625 0.0640625
0 0.7875 0.8375 0.0375 0.0734375
0 0.85625 0.625 0.0375 0.0765625
0 0.89375 0.628125 0.0390625 0.0796875
0 0.871875 0.8046875 0.0359375 0.071875