2 0.220146 0.695249 0.133126 0.064929 0.85
2 0.098980 0.522948 0.120908 0.055363 0.80
2 0.042065 0.672345 0.084130 0.075040 0.78
2 0.595850 0.576107 0.121519 0.061042 0.78
2 0.389358 0.573652 0.124775 0.060752 0.77
2 0.766502 0.694397 0.141744 0.060790 0.76
2 0.251960 0.616470 0.137444 0.066405 0.76
2 0.934236 0.632972 0.127971 0.058963 0.73
2 0.724650 0.523166 0.112070 0.052666 0.73
2 0.762269 0.624026 0.126244 0.071653 0.69
2 0.596451 0.689790 0.139253 0.084702 0.68
2 0.109574 0.581410 0.127392 0.058334 0.67
7 0.061863 0.448122 0.123303 0.095334 0.66
5 0.974774 0.443037 0.049681 0.092090 0.63
2 0.398954 0.684636 0.153380 0.079751 0.61
2 0.759015 0.578434 0.121501 0.055592 0.61
2 0.596688 0.633385 0.137370 0.063198 0.57
2 0.565485 0.522821 0.121975 0.052211 0.52