2 0.339443 0.663475 0.088776 0.082906 0.65
2 0.553702 0.648849 0.080098 0.078086 0.63
2 0.262564 0.658472 0.096913 0.092667 0.63
2 0.406258 0.659690 0.077072 0.077457 0.60
2 0.112843 0.633121 0.115804 0.110246 0.58
2 0.251250 0.377637 0.073377 0.065392 0.57
2 0.618272 0.653971 0.070414 0.070002 0.55
2 0.178651 0.655974 0.097422 0.079520 0.55
2 0.156447 0.513472 0.088203 0.064882 0.54
2 0.899792 0.653893 0.072926 0.077144 0.52
5 0.452830 0.570774 0.044883 0.088571 0.52
2 0.768982 0.647260 0.074716 0.079556 0.51