2 0.637313 0.317362 0.151546 0.133914 0.86
2 0.371249 0.682385 0.209645 0.192419 0.85
2 0.752256 0.495649 0.188177 0.177949 0.84
2 0.533910 0.192944 0.136379 0.052518 0.82
2 0.579791 0.711858 0.193192 0.189906 0.81
2 0.256554 0.503440 0.198912 0.164578 0.80
2 0.786427 0.779009 0.191749 0.106851 0.80
2 0.515623 0.455101 0.194874 0.165943 0.79
2 0.906713 0.253838 0.163089 0.148899 0.76
2 0.091181 0.682630 0.181976 0.202322 0.72
2 0.969354 0.581453 0.060737 0.146244 0.72
2 0.385180 0.323951 0.185471 0.163758 0.70
2 0.973446 0.418276 0.052538 0.135337 0.69
2 0.201526 0.814586 0.158717 0.035768 0.62
2 0.735767 0.216128 0.159493 0.097690 0.51