2 0.347263 0.676498 0.147792 0.098631 0.85
2 0.616576 0.543370 0.098025 0.074054 0.82
2 0.400563 0.726034 0.147720 0.104836 0.82
2 0.209618 0.536245 0.140050 0.079356 0.80
2 0.286525 0.618590 0.152786 0.103339 0.80
2 0.828527 0.696584 0.123513 0.113873 0.76
2 0.714157 0.599490 0.114151 0.087194 0.74
2 0.239679 0.406482 0.074802 0.043503 0.71
2 0.035220 0.739677 0.070304 0.080529 0.70
2 0.399086 0.389757 0.090851 0.052983 0.69
2 0.253803 0.577340 0.133950 0.074950 0.68
2 0.139574 0.465698 0.111075 0.062564 0.68
2 0.474005 0.746118 0.136127 0.072110 0.66
2 0.172280 0.504532 0.118036 0.075565 0.65
2 0.337106 0.353526 0.077719 0.044453 0.63
2 0.492075 0.458359 0.097141 0.064206 0.60
2 0.162783 0.239472 0.080449 0.036011 0.59
2 0.569911 0.508718 0.096463 0.060820 0.57
0 0.012185 0.458357 0.022131 0.045296 0.55
2 0.179227 0.357781 0.075592 0.060316 0.55
2 0.529603 0.482115 0.084612 0.065621 0.52