0 0.93828125 0.9453125 0.1140625 0.109375
0 0.440625 0.93046875 0.103125 0.1390625
0 0.58515625 0.8640625 0.1046875 0.1625
0 0.4703125 0.74453125 0.096875 0.1828125
0 0.61953125 0.66015625 0.0921875 0.1515625
0 0.5 0.515625 0.096875 0.165625
0 0.64765625 0.48125 0.1109375 0.159375
0 0.65703125 0.2984375 0.1078125 0.16875
0 0.68671875 0.09765625 0.0921875 0.1921875
0 0.545453125 0.27840625 0.11364062500000002 0.26704687499999996
0 0.589484375 0.066765625 0.08523437499999993 0.133515625
0 0.3125 0.5681875 0.16476562499999997 0.26704687499999996