0 0.23125 0.18203125 0.140625 0.0578125
0 0.184375 0.10234375 0.13125 0.0546875
0 0.42890625 0.0953125 0.1234375 0.05625
0 0.61796875 0.1 0.1421875 0.059375
0 0.41953125 0.16484375 0.1265625 0.0546875
0 0.59453125 0.16640625 0.1265625 0.0515625
0 0.753125 0.16640625 0.121875 0.0484375
0 0.75390625 0.246875 0.1296875 0.04375
0 0.92265625 0.25 0.1296875 0.053125
0 0.90703125 0.171875 0.1359375 0.059375
0 0.8609375 0.0953125 0.13125 0.059375
0 0.306109375 0.415484375 0.12642187500000004 0.05823437499999997