0 0.57578125 0.05078125 0.0921875 0.1015625
0 0.43828125 0.1015625 0.1078125 0.165625
0 0.54765625 0.21015625 0.0890625 0.1515625
0 0.41484375 0.30546875 0.0890625 0.1890625
0 0.53671875 0.403125 0.0890625 0.18125
0 0.6515625 0.4078125 0.096875 0.2
0 0.371875 0.5265625 0.1 0.203125
0 0.50703125 0.71015625 0.0953125 0.2109375
0 0.64609375 0.6640625 0.0890625 0.1875
0 0.353125 0.784375 0.1 0.2
0 0.47578125 0.93828125 0.0984375 0.1234375
0 0.63359375 0.928125 0.1109375 0.14375
0 0.33515625 0.9578125 0.0984375 0.084375