0 0.46015625 0.66796875 0.0515625 0.0640625
0 0.396875 0.5796875 0.053125 0.06875
0 0.92734375 0.67421875 0.0578125 0.0796875
0 0.95078125 0.8640625 0.0578125 0.084375
0 0.75 0.80078125 0.10625 0.0484375
0 0.7515625 0.95234375 0.115625 0.0484375
0 0.740625 0.98671875 0.1125 0.0265625
0 0.10390625 0.6609375 0.0890625 0.065625
0 0.12421875 0.61484375 0.1015625 0.0640625
0 0.1203125 0.58046875 0.1 0.0546875
0 0.12421875 0.5484375 0.1015625 0.053125
0 0.146875 0.4921875 0.10625 0.05625
0 0.91328125 0.5171875 0.0484375 0.065625
0 0.90625 0.453125 0.040625 0.053125
0 0.90078125 0.390625 0.0421875 0.0625
0 0.89375 0.33046875 0.04375 0.0640625
0 0.88203125 0.228125 0.0421875 0.05625
0 0.8765625 0.17890625 0.04375 0.0578125
0 0.87265625 0.11640625 0.0421875 0.0515625
0 0.4375 0.13984375 0.04375 0.0484375
0 0.47578125 0.4109375 0.0453125 0.05625
0 0.30703125 0.221875 0.0390625 0.05625
0 0.8703125 0.0734375 0.0375 0.04375
0 0.8671875 0.02421875 0.040625 0.0484375
0 0.95028125 0.961640625 0.0596562500000001 0.07670312499999987
0 0.514203125 0.037640625 0.04545312500000005 0.055390625000000006