0 0.01953125 0.75390625 0.0390625 0.1453125
0 0.03203125 0.67890625 0.0640625 0.1265625
0 0.35234375 0.5390625 0.0984375 0.153125
0 0.5625 0.4546875 0.10625 0.134375
0 0.6234375 0.44375 0.09375 0.125
0 0.66875 0.4109375 0.09375 0.140625
0 0.46328125 0.7921875 0.0921875 0.06875
0 0.4953125 0.85625 0.121875 0.075
0 0.53203125 0.92578125 0.1171875 0.0890625
0 0.775 0.83125 0.11875 0.075
0 0.81484375 0.65390625 0.1140625 0.0859375
0 0.83203125 0.35078125 0.0859375 0.1265625
0 0.88671875 0.3328125 0.1046875 0.13125
0 0.93203125 0.84921875 0.1015625 0.0828125
0 0.968046875 0.28693749999999996 0.06392187499999999 0.1306875
0 0.9630625 0.90340625 0.073859375 0.07670312500000001
0 0.855828125 0.952421875 0.171875 0.09232812500000001