0 0.49453125 0.8421875 0.0390625 0.08125
0 0.6078125 0.69921875 0.09375 0.0484375
0 0.11484375 0.5953125 0.0859375 0.04375
0 0.2375 0.59921875 0.071875 0.0421875
0 0.12421875 0.534375 0.0953125 0.046875
0 0.240625 0.475 0.0875 0.05625
0 0.47265625 0.49453125 0.0859375 0.0453125
0 0.628125 0.4984375 0.096875 0.053125
0 0.72421875 0.5046875 0.0640625 0.040625
0 0.84765625 0.50625 0.0828125 0.040625
0 0.89375 0.459375 0.078125 0.040625
0 0.79140625 0.45546875 0.0796875 0.0421875
0 0.7 0.4515625 0.071875 0.04375
0 0.5984375 0.4484375 0.065625 0.04375
0 0.50625 0.44296875 0.071875 0.0421875
0 0.4125 0.4390625 0.065625 0.04375
0 0.32109375 0.43515625 0.0703125 0.0390625
0 0.23125 0.70390625 0.071875 0.0453125