0 0.14765625 0.2421875 0.0765625 0.078125
0 0.1171875 0.80703125 0.09375 0.0453125
0 0.2265625 0.81328125 0.084375 0.0421875
0 0.315625 0.81875 0.071875 0.04375
0 0.95234375 0.51640625 0.0828125 0.0421875
0 0.84453125 0.51171875 0.0796875 0.0421875
0 0.7421875 0.509375 0.06875 0.040625
0 0.64296875 0.50390625 0.0859375 0.0484375
0 0.52421875 0.50234375 0.0734375 0.0421875
0 0.41015625 0.4984375 0.0828125 0.04375
0 0.1390625 0.4890625 0.075 0.046875
0 0.8451718749999999 0.8380625 0.07954687499999999 0.048296875