0 0.496875 0.9125 0.05625 0.071875
0 0.12734375 0.7078125 0.0984375 0.053125
0 0.53515625 0.75625 0.0921875 0.05625
0 0.11640625 0.60390625 0.0859375 0.0484375
0 0.2390625 0.6140625 0.071875 0.04375
0 0.12890625 0.54609375 0.0953125 0.0453125
0 0.246875 0.4875 0.084375 0.05625
0 0.47421875 0.50703125 0.0828125 0.0453125
0 0.6296875 0.5109375 0.090625 0.053125
0 0.7296875 0.51484375 0.0625 0.0421875
0 0.85234375 0.51875 0.0859375 0.04375
0 0.984375 0.47890625 0.03125 0.0453125
0 0.89609375 0.471875 0.0796875 0.04375
0 0.796875 0.471875 0.075 0.040625
0 0.70078125 0.465625 0.0703125 0.04375
0 0.60390625 0.46171875 0.0640625 0.0421875
0 0.509375 0.45625 0.071875 0.040625
0 0.41640625 0.45234375 0.0640625 0.0453125
0 0.325 0.44609375 0.071875 0.0453125