0 0.703125 0.6796875 0.078125 0.0375
0 0.10546875 0.55859375 0.0859375 0.0359375
0 0.228125 0.56328125 0.071875 0.0359375
0 0.1171875 0.49921875 0.096875 0.0421875
0 0.2328125 0.43671875 0.084375 0.0453125
0 0.4625 0.45234375 0.084375 0.0421875
0 0.61875 0.45625 0.090625 0.04375
0 0.840625 0.46015625 0.08125 0.0390625
0 0.97734375 0.4171875 0.0453125 0.0375
0 0.8828125 0.41328125 0.084375 0.0359375
0 0.78359375 0.40859375 0.0765625 0.0359375
0 0.690625 0.40859375 0.06875 0.0359375
0 0.5921875 0.4046875 0.065625 0.040625
0 0.49921875 0.4015625 0.0734375 0.0375
0 0.4046875 0.39765625 0.065625 0.0359375
0 0.31328125 0.3953125 0.0765625 0.034375