0 0.5015625 0.784375 0.05 0.08125
0 0.11171875 0.578125 0.0859375 0.040625
0 0.234375 0.58203125 0.075 0.0421875
0 0.12109375 0.51640625 0.0953125 0.0453125
0 0.2390625 0.4578125 0.0875 0.053125
0 0.471875 0.47578125 0.090625 0.0421875
0 0.625 0.4765625 0.09375 0.05
0 0.7234375 0.48515625 0.0625 0.0390625
0 0.84375 0.4859375 0.084375 0.040625
0 0.9796875 0.44296875 0.040625 0.0421875
0 0.88984375 0.4390625 0.0796875 0.040625
0 0.7890625 0.43671875 0.08125 0.0390625
0 0.69609375 0.43125 0.0703125 0.04375
0 0.596875 0.4296875 0.065625 0.0375
0 0.50234375 0.42578125 0.0765625 0.0390625
0 0.4109375 0.4203125 0.065625 0.040625
0 0.31796875 0.41640625 0.0671875 0.0390625
0 0.596875 0.68671875 0.071875 0.0390625