0 0.04140625 0.225 0.0765625 0.075
0 0.02890625 0.796875 0.0578125 0.040625
0 0.12109375 0.80390625 0.0859375 0.0421875
0 0.21171875 0.8078125 0.0703125 0.0375
0 0.74296875 0.82265625 0.0765625 0.0421875
0 0.93828125 0.503125 0.0734375 0.040625
0 0.84609375 0.4984375 0.0828125 0.040625
0 0.73984375 0.49609375 0.0796875 0.0390625
0 0.6375 0.49140625 0.06875 0.0390625
0 0.53671875 0.48828125 0.0890625 0.0515625
0 0.4203125 0.48515625 0.071875 0.0390625
0 0.30390625 0.48359375 0.0828125 0.0421875
0 0.0359375 0.4734375 0.071875 0.040625