0 0.87265625 0.6640625 0.0953125 0.0375
0 0.0296875 0.4640625 0.059375 0.04375
0 0.8234375 0.09453125 0.040625 0.0734375
0 0.79609375 0.7625 0.0734375 0.0375
0 0.88203125 0.76328125 0.0734375 0.0328125
0 0.97578125 0.76484375 0.0484375 0.0421875
0 0.553125 0.42890625 0.078125 0.0328125
0 0.47421875 0.43125 0.0671875 0.0375
0 0.38046875 0.425 0.0859375 0.04375
0 0.2734375 0.425 0.08125 0.034375
0 0.18671875 0.42109375 0.0546875 0.0328125
0 0.09765625 0.41796875 0.0703125 0.0328125
0 0.33046875 0.66484375 0.0703125 0.0390625