0 0.27109375 0.66015625 0.0953125 0.0390625
0 0.5046875 0.7140625 0.09375 0.040625
0 0.13671875 0.165625 0.0765625 0.078125
0 0.10546875 0.75703125 0.0953125 0.0390625
0 0.2171875 0.75859375 0.084375 0.0359375
0 0.30625 0.76328125 0.071875 0.0359375
0 0.84375 0.77109375 0.071875 0.0390625
0 0.934375 0.77265625 0.065625 0.0359375
0 0.9421875 0.43984375 0.08125 0.0359375
0 0.83515625 0.43671875 0.0796875 0.0359375
0 0.73125 0.43359375 0.071875 0.0359375
0 0.6328125 0.43125 0.090625 0.040625
0 0.5140625 0.43046875 0.065625 0.0328125
0 0.3984375 0.4265625 0.084375 0.0375
0 0.128125 0.42265625 0.075 0.0359375