0 0.07734375 0.71875 0.0890625 0.040625
0 0.0375 0.18046875 0.075 0.0796875
0 0.0265625 0.7640625 0.053125 0.0375
0 0.1171875 0.76953125 0.08125 0.0359375
0 0.2078125 0.7734375 0.071875 0.034375
0 0.74453125 0.784375 0.0703125 0.040625
0 0.934375 0.4578125 0.078125 0.0375
0 0.8421875 0.4546875 0.084375 0.034375
0 0.734375 0.4515625 0.078125 0.034375
0 0.63515625 0.44765625 0.0703125 0.0359375
0 0.53359375 0.4453125 0.0890625 0.04375
0 0.41484375 0.44375 0.0703125 0.034375
0 0.2984375 0.43984375 0.08125 0.0390625
0 0.0328125 0.43359375 0.065625 0.0359375