0 0.025 0.66640625 0.05 0.0390625
0 0.28671875 0.7203125 0.0890625 0.040625
0 0.13671875 0.178125 0.0765625 0.078125
0 0.10703125 0.7640625 0.0921875 0.034375
0 0.21875 0.76796875 0.084375 0.0359375
0 0.3078125 0.7734375 0.071875 0.0375
0 0.84296875 0.78359375 0.0765625 0.0390625
0 0.93671875 0.784375 0.0640625 0.034375
0 0.94296875 0.453125 0.0828125 0.034375
0 0.8359375 0.44921875 0.078125 0.0359375
0 0.734375 0.44609375 0.065625 0.0359375
0 0.63359375 0.44375 0.0890625 0.040625
0 0.51484375 0.4421875 0.0671875 0.034375
0 0.39921875 0.4375 0.0796875 0.0375
0 0.1265625 0.43359375 0.078125 0.0328125