0 0.74609375 0.67421875 0.0765625 0.0359375
0 0.1078125 0.5546875 0.084375 0.0375
0 0.23125 0.5578125 0.071875 0.034375
0 0.1171875 0.4953125 0.096875 0.040625
0 0.23515625 0.4328125 0.0859375 0.04375
0 0.465625 0.446875 0.0875 0.0375
0 0.62109375 0.44921875 0.0953125 0.0484375
0 0.7203125 0.45390625 0.0625 0.0390625
0 0.84140625 0.45390625 0.0828125 0.0390625
0 0.9796875 0.4109375 0.040625 0.034375
0 0.884375 0.40703125 0.08125 0.0359375
0 0.78359375 0.403125 0.0765625 0.0375
0 0.69140625 0.40234375 0.0703125 0.0328125
0 0.59375 0.40078125 0.065625 0.0359375
0 0.4984375 0.396875 0.075 0.034375
0 0.4046875 0.3921875 0.0625 0.034375
0 0.31328125 0.390625 0.0734375 0.034375