0 0.18515625 0.7203125 0.0890625 0.040625
0 0.03671875 0.178125 0.0734375 0.078125
0 0.02578125 0.7640625 0.0515625 0.034375
0 0.1171875 0.76796875 0.084375 0.0359375
0 0.20625 0.7734375 0.071875 0.0375
0 0.74140625 0.78359375 0.0765625 0.0390625
0 0.83515625 0.784375 0.0640625 0.034375
0 0.93359375 0.45703125 0.0765625 0.0359375
0 0.84140625 0.453125 0.0828125 0.034375
0 0.734375 0.44921875 0.078125 0.0359375
0 0.6328125 0.44609375 0.065625 0.0359375
0 0.53203125 0.44375 0.0890625 0.040625
0 0.41328125 0.4421875 0.0671875 0.034375
0 0.29765625 0.4375 0.0796875 0.0375
0 0.03203125 0.43359375 0.0640625 0.0328125