0 0.50859375 0.765625 0.0578125 0.084375
0 0.11171875 0.578125 0.0859375 0.040625
0 0.23359375 0.58125 0.0734375 0.040625
0 0.12265625 0.51640625 0.0953125 0.0421875
0 0.23828125 0.4578125 0.0890625 0.053125
0 0.47109375 0.47421875 0.0859375 0.0453125
0 0.6234375 0.47578125 0.09375 0.0484375
0 0.84453125 0.484375 0.0828125 0.0375
0 0.98046875 0.440625 0.0390625 0.040625
0 0.88828125 0.4359375 0.0765625 0.0375
0 0.7890625 0.43359375 0.075 0.0390625
0 0.696875 0.43046875 0.075 0.0390625
0 0.59609375 0.428125 0.0671875 0.040625
0 0.503125 0.42421875 0.075 0.0390625
0 0.409375 0.41875 0.065625 0.040625
0 0.31796875 0.41640625 0.0703125 0.0390625
0 0.69453125 0.6859375 0.0703125 0.0375