0 0.55390625 0.66015625 0.0953125 0.0390625
0 0.73359375 0.71484375 0.0890625 0.0453125
0 0.13671875 0.16171875 0.0765625 0.0765625
0 0.10703125 0.75546875 0.0921875 0.0359375
0 0.2171875 0.75703125 0.084375 0.0390625
0 0.30703125 0.76171875 0.0703125 0.0359375
0 0.4078125 0.76171875 0.08125 0.0359375
0 0.8453125 0.76953125 0.071875 0.0390625
0 0.93359375 0.76953125 0.0671875 0.0328125
0 0.9421875 0.43359375 0.084375 0.0359375
0 0.834375 0.43125 0.078125 0.034375
0 0.73125 0.42890625 0.06875 0.0359375
0 0.6328125 0.42734375 0.090625 0.0359375
0 0.51484375 0.42734375 0.0671875 0.0328125
0 0.39765625 0.42265625 0.0796875 0.0390625
0 0.12734375 0.4171875 0.0765625 0.0375