0 0.38046875 0.68046875 0.0953125 0.0390625
0 0.74375 0.73046875 0.090625 0.0390625
0 0.65703125 0.73046875 0.0515625 0.0328125
0 0.0328125 0.4828125 0.065625 0.04375
0 0.82890625 0.121875 0.0390625 0.071875
0 0.80078125 0.78046875 0.0734375 0.0390625
0 0.88828125 0.78203125 0.0765625 0.0359375
0 0.55703125 0.45 0.0765625 0.034375
0 0.47890625 0.4515625 0.0671875 0.0375
0 0.3859375 0.4453125 0.090625 0.046875
0 0.2796875 0.44609375 0.084375 0.0359375
0 0.1921875 0.4421875 0.053125 0.0375
0 0.10390625 0.4375 0.0703125 0.0375