0 0.94921875 0.65546875 0.0765625 0.0421875
0 0.09765625 0.54140625 0.0859375 0.0328125
0 0.23125 0.5421875 0.071875 0.0375
0 0.10703125 0.48046875 0.0984375 0.0421875
0 0.2359375 0.4203125 0.090625 0.04375
0 0.46484375 0.4296875 0.0859375 0.0375
0 0.62265625 0.43203125 0.0921875 0.0421875
0 0.72109375 0.43671875 0.0609375 0.0421875
0 0.84296875 0.4359375 0.0828125 0.0375
0 0.97890625 0.39140625 0.0421875 0.0359375
0 0.88515625 0.3890625 0.0828125 0.03125
0 0.7859375 0.3859375 0.075 0.03125
0 0.69140625 0.3875 0.0703125 0.03125
0 0.59453125 0.38359375 0.0640625 0.0328125
0 0.50078125 0.38046875 0.0734375 0.0359375
0 0.40703125 0.37734375 0.0640625 0.0328125
0 0.31484375 0.37578125 0.0734375 0.0328125