0 0.60625 0.66328125 0.09375 0.0390625
0 0.74765625 0.71796875 0.0859375 0.0453125
0 0.0375 0.1609375 0.075 0.078125
0 0.02734375 0.75703125 0.0546875 0.0328125
0 0.1171875 0.75859375 0.08125 0.0390625
0 0.2078125 0.7625 0.071875 0.0375
0 0.309375 0.76171875 0.08125 0.0359375
0 0.74375 0.7703125 0.075 0.0375
0 0.83515625 0.77265625 0.0640625 0.0328125
0 0.93515625 0.43828125 0.0765625 0.0359375
0 0.8421875 0.43359375 0.08125 0.0359375
0 0.7359375 0.43203125 0.08125 0.0359375
0 0.63203125 0.428125 0.0671875 0.0375
0 0.534375 0.42890625 0.090625 0.0390625
0 0.415625 0.42734375 0.065625 0.0359375
0 0.30078125 0.42265625 0.0828125 0.0390625
0 0.03203125 0.4203125 0.0640625 0.034375