0 0.040625 0.19765625 0.075 0.0796875
0 0.02890625 0.77890625 0.0578125 0.0359375
0 0.121875 0.78359375 0.084375 0.0359375
0 0.21171875 0.78828125 0.0703125 0.0359375
0 0.74921875 0.80078125 0.0703125 0.0390625
0 0.93984375 0.47578125 0.0734375 0.0359375
0 0.84765625 0.47265625 0.0828125 0.0359375
0 0.7390625 0.4703125 0.078125 0.034375
0 0.6390625 0.465625 0.06875 0.0375
0 0.53671875 0.4625 0.0890625 0.046875
0 0.41953125 0.46015625 0.0671875 0.0359375
0 0.303125 0.4578125 0.084375 0.0375
0 0.03515625 0.4515625 0.0703125 0.034375