0 0.040625 0.23359375 0.078125 0.0765625
0 0.02890625 0.80546875 0.0578125 0.0421875
0 0.1203125 0.81171875 0.0875 0.0421875
0 0.21171875 0.81640625 0.0703125 0.0390625
0 0.73984375 0.83203125 0.0828125 0.0390625
0 0.9375 0.51328125 0.075 0.0421875
0 0.846875 0.509375 0.08125 0.04375
0 0.73984375 0.50546875 0.0796875 0.0390625
0 0.6375 0.50078125 0.06875 0.0390625
0 0.53828125 0.49765625 0.0890625 0.0515625
0 0.4203125 0.49453125 0.071875 0.0390625
0 0.30390625 0.49296875 0.0828125 0.0421875
0 0.0359375 0.48359375 0.071875 0.0421875