0 0.103125 0.73203125 0.090625 0.0484375
0 0.0328125 0.49921875 0.065625 0.0421875
0 0.828125 0.14921875 0.034375 0.0671875
0 0.7977968749999998 0.79296875 0.0734375 0.0390625
0 0.88515625 0.79296875 0.0765625 0.0390625
0 0.97734375 0.79453125 0.0453125 0.0421875
0 0.55625 0.46953125 0.075 0.0390625
0 0.4796875 0.46796875 0.065625 0.0421875
0 0.38515625 0.46171875 0.0859375 0.0515625
0 0.27734375 0.46484375 0.0828125 0.0390625
0 0.1921875 0.459375 0.053125 0.0375
0 0.103125 0.4546875 0.06875 0.0375
0 0.02265625 0.45 0.0453125 0.046875