0 0.04140625 0.20546875 0.0734375 0.0734375
0 0.03046875 0.7828125 0.0609375 0.040625
0 0.12265625 0.78828125 0.0859375 0.0390625
0 0.2125 0.79296875 0.075 0.0390625
0 0.74921875 0.80546875 0.0734375 0.0390625
0 0.940625 0.484375 0.075 0.0375
0 0.84921875 0.4796875 0.0828125 0.034375
0 0.73984375 0.47734375 0.0796875 0.0359375
0 0.6390625 0.471875 0.071875 0.0375
0 0.53984375 0.46875 0.0890625 0.046875
0 0.4203125 0.46796875 0.071875 0.0390625
0 0.3046875 0.46328125 0.084375 0.0390625
0 0.0359375 0.4546875 0.071875 0.0375