0 0.45234375 0.66015625 0.0953125 0.0390625
0 0.63203125 0.71484375 0.0890625 0.0453125
0 0.03671875 0.16171875 0.0734375 0.0765625
0 0.02578125 0.75546875 0.0515625 0.0359375
0 0.115625 0.75703125 0.084375 0.0390625
0 0.20546875 0.76171875 0.0703125 0.0359375
0 0.30625 0.76171875 0.08125 0.0359375
0 0.74375 0.76953125 0.071875 0.0390625
0 0.83203125 0.76953125 0.0671875 0.0328125
0 0.93203125 0.4375 0.0765625 0.0375
0 0.840625 0.43359375 0.084375 0.0359375
0 0.7328125 0.43125 0.078125 0.034375
0 0.6296875 0.42890625 0.06875 0.0359375
0 0.53125 0.42734375 0.090625 0.0359375
0 0.41328125 0.42734375 0.0671875 0.0328125
0 0.29609375 0.42265625 0.0796875 0.0390625
0 0.03203125 0.4171875 0.0640625 0.0375