0 0.41484375 0.66171875 0.0953125 0.0390625
0 0.61953125 0.715625 0.0921875 0.040625
0 0.13828125 0.16484375 0.0765625 0.0765625
0 0.109375 0.7578125 0.09375 0.0375
0 0.21875 0.75859375 0.084375 0.0390625
0 0.309375 0.76328125 0.071875 0.0359375
0 0.846875 0.771875 0.071875 0.0375
0 0.9359375 0.7734375 0.065625 0.034375
0 0.94453125 0.4390625 0.0828125 0.0375
0 0.83828125 0.4359375 0.0828125 0.034375
0 0.734375 0.4328125 0.06875 0.0375
0 0.63515625 0.43203125 0.0921875 0.0390625
0 0.51796875 0.43203125 0.0703125 0.0359375
0 0.39921875 0.4265625 0.0796875 0.0375
0 0.13046875 0.42265625 0.0765625 0.0328125
0 0.41335937500000003 0.764203125 0.09090624999999992 0.04260937499999997