0 0.1421875 0.23359375 0.078125 0.0765625
0 0.1125 0.80546875 0.09375 0.0421875
0 0.221875 0.81171875 0.0875 0.0421875
0 0.31328125 0.81640625 0.0703125 0.0390625
0 0.84140625 0.83203125 0.0828125 0.0390625
0 0.9484375 0.509375 0.08125 0.04375
0 0.84140625 0.50546875 0.0796875 0.0390625
0 0.7390625 0.50078125 0.06875 0.0390625
0 0.63984375 0.49765625 0.0890625 0.0515625
0 0.521875 0.49453125 0.071875 0.0390625
0 0.40546875 0.49296875 0.0828125 0.0421875
0 0.13515625 0.48359375 0.0765625 0.0421875