0 0.46875 0.56875 0.065625 0.05
0 0.296875 0.6484375 0.06875 0.05
0 0.690625 0.4125 0.078125 0.05625
0 0.46328125 0.396875 0.0671875 0.040625
0 0.31875 0.26640625 0.059375 0.0765625
0 0.2609375 0.16640625 0.05 0.0671875
0 0.30625 0.034375 0.053125 0.065625
0 0.08203125 0.0265625 0.0765625 0.046875
0 0.25703125 0.284375 0.0421875 0.05
0 0.1859375 0.125 0.04375 0.053125
0 0.6828125 0.0796875 0.071875 0.040625
0 0.8109375 0.07578125 0.065625 0.0328125
0 0.12265625 0.7625 0.0765625 0.05
0 0.21328125 0.9703125 0.0640625 0.034375
0 0.66953125 0.821875 0.0640625 0.0625
0 0.72734375 0.871875 0.0703125 0.06875
0 0.78671875 0.92265625 0.0703125 0.0640625
0 0.8515625 0.9671875 0.06875 0.059375