0 0.21875 0.56875 0.065625 0.05
0 0.0265625 0.66015625 0.053125 0.0515625
0 0.50234375 0.384375 0.0796875 0.059375
0 0.8234375 0.3234375 0.075 0.05625
0 0.22265625 0.39921875 0.0640625 0.0359375
0 0.06875 0.26640625 0.059375 0.0765625
0 0.01875 0.16640625 0.0375 0.0671875
0 0.05625 0.0328125 0.05 0.0625
0 0.434375 0.078125 0.071875 0.0375
0 0.5609375 0.07578125 0.065625 0.0328125
0 0.4203125 0.821875 0.065625 0.0625
0 0.478125 0.87265625 0.071875 0.0703125
0 0.5359375 0.92265625 0.071875 0.0640625
0 0.60078125 0.96640625 0.0703125 0.0640625
0 0.85390625 0.4546875 0.0359375 0.065625
0 0.8390625 0.56796875 0.040625 0.0765625
0 0.83125 0.659375 0.040625 0.065625
0 0.803125 0.83359375 0.040625 0.0765625
0 0.86796875 0.6703125 0.0515625 0.08125
0 0.91484375 0.62578125 0.0453125 0.0796875