0 0.21328125 0.56953125 0.0703125 0.0515625
0 0.09765625 0.6234375 0.0671875 0.05
0 0.24921875 0.4984375 0.0796875 0.059375
0 0.16953125 0.36875 0.0640625 0.0625
0 0.06328125 0.265625 0.0578125 0.075
0 0.01640625 0.16640625 0.0328125 0.0671875
0 0.0515625 0.03359375 0.053125 0.0640625
0 0.428125 0.07890625 0.06875 0.0359375
0 0.55546875 0.07421875 0.0671875 0.0328125
0 0.89921875 0.215625 0.0703125 0.053125
0 0.0953125 0.67265625 0.075 0.0515625
0 0.41640625 0.82109375 0.0609375 0.0578125
0 0.47421875 0.87265625 0.0703125 0.0671875
0 0.53359375 0.921875 0.0703125 0.0625
0 0.596875 0.9671875 0.06875 0.059375
0 0.8484375 0.4546875 0.0375 0.065625
0 0.834375 0.5671875 0.0375 0.075
0 0.82578125 0.659375 0.0359375 0.0625
0 0.7984375 0.8328125 0.0375 0.075
0 0.86484375 0.659375 0.0484375 0.078125
0 0.9109375 0.62421875 0.0375 0.0765625
0 0.8875 0.803125 0.0375 0.071875