0 0.45859375 0.57109375 0.0703125 0.0515625
0 0.37109375 0.6125 0.0671875 0.05
0 0.30390625 0.5875 0.0796875 0.059375
0 0.375 0.2890625 0.046875 0.06875
0 0.31015625 0.26796875 0.0609375 0.0765625
0 0.25234375 0.16796875 0.0515625 0.0703125
0 0.29765625 0.03515625 0.0515625 0.0640625
0 0.071875 0.028125 0.075 0.046875
0 0.24921875 0.2875 0.0359375 0.04375
0 0.17734375 0.12734375 0.0421875 0.0515625
0 0.675 0.08125 0.071875 0.0375
0 0.80234375 0.07734375 0.0671875 0.0328125
0 0.9265625 0.30234375 0.065625 0.0515625
0 0.5625 0.57421875 0.075 0.0546875
0 0.1984375 0.73828125 0.078125 0.0515625
0 0.20546875 0.97421875 0.0671875 0.0359375
0 0.6609375 0.82421875 0.059375 0.0578125
0 0.71953125 0.87421875 0.0734375 0.0671875
0 0.78046875 0.925 0.0703125 0.0625
0 0.8390625 0.96796875 0.071875 0.0640625