0 0.45390625 0.5703125 0.0703125 0.053125
0 0.37265625 0.60859375 0.0671875 0.0515625
0 0.2640625 0.07578125 0.05625 0.0703125
0 0.3046875 0.265625 0.05625 0.075
0 0.246875 0.165625 0.05 0.071875
0 0.2921875 0.03515625 0.053125 0.0640625
0 0.06640625 0.02578125 0.0734375 0.0453125
0 0.24140625 0.284375 0.0390625 0.046875
0 0.66953125 0.08125 0.0703125 0.034375
0 0.79296875 0.0765625 0.0671875 0.034375
0 0.565625 0.46484375 0.065625 0.0515625
0 0.9109375 0.38828125 0.075 0.0578125
0 0.54296875 0.58828125 0.0796875 0.0578125
0 0.19921875 0.97265625 0.0671875 0.0359375
0 0.65546875 0.8234375 0.0578125 0.05625
0 0.7140625 0.8734375 0.06875 0.065625
0 0.7734375 0.92265625 0.075 0.0671875
0 0.8328125 0.9671875 0.071875 0.0625