0 0.45625 0.56875 0.06875 0.05
0 0.37578125 0.60703125 0.0671875 0.0515625
0 0.10390625 0.6625 0.0796875 0.059375
0 0.31796875 0.16640625 0.0546875 0.0703125
0 0.30703125 0.2640625 0.0578125 0.075
0 0.25078125 0.16484375 0.0484375 0.0703125
0 0.29609375 0.034375 0.0515625 0.065625
0 0.06953125 0.025 0.0734375 0.04375
0 0.24609375 0.28515625 0.0390625 0.0453125
0 0.1734375 0.12421875 0.04375 0.0546875
0 0.67265625 0.08046875 0.0734375 0.0359375
0 0.7984375 0.07421875 0.065625 0.0328125
0 0.7109375 0.39453125 0.0625 0.0484375
0 0.77421875 0.46015625 0.0734375 0.0578125
0 0.40703125 0.6484375 0.0796875 0.053125
0 0.20234375 0.96953125 0.0671875 0.0359375
0 0.65859375 0.8203125 0.0578125 0.05625
0 0.715625 0.8703125 0.06875 0.06875
0 0.77578125 0.92265625 0.0734375 0.0671875
0 0.83671875 0.9640625 0.0703125 0.0625