0 0.20859375 0.57109375 0.0703125 0.0515625
0 0.12109375 0.6125 0.0671875 0.05
0 0.05390625 0.5875 0.0796875 0.059375
0 0.125 0.2890625 0.046875 0.06875
0 0.06015625 0.26796875 0.0609375 0.0765625
0 0.0140625 0.16796875 0.028125 0.0703125
0 0.04765625 0.03515625 0.0515625 0.0640625
0 0.425 0.08125 0.071875 0.0375
0 0.55234375 0.07734375 0.0671875 0.0328125
0 0.6765625 0.30234375 0.065625 0.0515625
0 0.3125 0.57421875 0.075 0.0546875
0 0.4109375 0.82421875 0.059375 0.0578125
0 0.46953125 0.87421875 0.0734375 0.0671875
0 0.53046875 0.925 0.0703125 0.0625
0 0.5890625 0.96796875 0.071875 0.0640625
0 0.84375 0.4578125 0.034375 0.065625
0 0.8296875 0.5703125 0.034375 0.075
0 0.821875 0.659375 0.034375 0.0625
0 0.79375 0.83828125 0.034375 0.0703125
0 0.8609375 0.65703125 0.046875 0.0796875
0 0.9046875 0.6265625 0.040625 0.078125
0 0.88203125 0.80546875 0.0390625 0.0734375