0 0.20859375 0.55703125 0.0640625 0.0640625
0 0.11484375 0.6109375 0.0640625 0.05
0 0.05703125 0.2671875 0.0578125 0.078125
0 0.01328125 0.16796875 0.0265625 0.0703125
0 0.04375 0.03828125 0.053125 0.0640625
0 0.41015625 0.0859375 0.0703125 0.034375
0 0.534375 0.08046875 0.065625 0.0328125
0 0.09140625 0.56953125 0.0640625 0.0515625
0 0.85703125 0.2875 0.0734375 0.05625
0 0.48671875 0.48671875 0.0765625 0.0578125
0 0.39765625 0.82578125 0.0609375 0.0578125
0 0.45390625 0.8765625 0.0703125 0.06875
0 0.51328125 0.9265625 0.0734375 0.06875
0 0.5734375 0.96953125 0.071875 0.0609375
0 0.825 0.46015625 0.034375 0.0671875
0 0.80703125 0.6578125 0.0359375 0.0625
0 0.7796875 0.8375 0.034375 0.06875
0 0.84921875 0.61953125 0.0359375 0.0765625
0 0.88671875 0.63046875 0.0390625 0.0796875
0 0.86328125 0.8078125 0.0390625 0.071875