0 0.46171875 0.5671875 0.0703125 0.053125
0 0.3765625 0.60703125 0.06875 0.0515625
0 0.3078125 0.2640625 0.059375 0.075
0 0.2515625 0.16328125 0.053125 0.0703125
0 0.2421875 0.02840625 0.05256249999999998 0.0568125
0 0.296875 0.03203125 0.053125 0.0640625
0 0.06953125 0.02578125 0.0734375 0.0453125
0 0.246875 0.28515625 0.040625 0.0484375
0 0.67421875 0.0796875 0.0703125 0.034375
0 0.79765625 0.0734375 0.0640625 0.03125
0 0.49765625 0.4984375 0.0640625 0.05
0 0.9734375 0.35078125 0.053125 0.0578125
0 0.615625 0.55078125 0.078125 0.0546875
0 0.20390625 0.97265625 0.0640625 0.0359375
0 0.6609375 0.82265625 0.05625 0.0578125
0 0.71640625 0.87265625 0.0671875 0.0640625
0 0.7765625 0.92265625 0.071875 0.0671875
0 0.83671875 0.965625 0.0734375 0.065625