0 0.47265625 0.53984375 0.0546875 0.0703125
0 0.37734375 0.60703125 0.0671875 0.0515625
0 0.30390625 0.2671875 0.0546875 0.075
0 0.24765625 0.16640625 0.0515625 0.0703125
0 0.29140625 0.03671875 0.0546875 0.0671875
0 0.06484375 0.03125 0.0671875 0.04375
0 0.24140625 0.2875 0.0390625 0.046875
0 0.66796875 0.08125 0.0734375 0.034375
0 0.7921875 0.07734375 0.065625 0.0328125
0 0.27265625 0.6015625 0.0640625 0.05
0 0.8125 0.4484375 0.075 0.05625
0 0.17578125 0.74609375 0.0703125 0.0453125
0 0.1984375 0.97578125 0.065625 0.0359375
0 0.65703125 0.82421875 0.0578125 0.0578125
0 0.71015625 0.87265625 0.0671875 0.0671875
0 0.77265625 0.92578125 0.0734375 0.0671875
0 0.83359375 0.9671875 0.0703125 0.0625