0 0.15625 0.278125 0.10625 0.04375
0 0.41484375 0.234375 0.1046875 0.046875
0 0.290625 0.22734375 0.084375 0.0421875
0 0.1640625 0.21953125 0.096875 0.0421875
0 0.46953125 0.2984375 0.0984375 0.04375
0 0.2671875 0.3359375 0.096875 0.040625
0 0.971875 0.27265625 0.05625 0.0421875
0 0.8390625 0.2625 0.1 0.04375
0 0.12890625 0.62890625 0.1015625 0.0453125
0 0.25390625 0.6265625 0.0953125 0.04375
0 0.45703125 0.62109375 0.0859375 0.0453125
0 0.57265625 0.62578125 0.0890625 0.0421875
0 0.69921875 0.6296875 0.0890625 0.04375
0 0.83515625 0.6390625 0.1078125 0.046875
0 0.9546875 0.646875 0.08125 0.04375
0 0.171171875 0.40270312500000005 0.117890625 0.06392187499999999