0 0.14453125 0.2765625 0.1046875 0.04375
0 0.40625 0.234375 0.096875 0.046875
0 0.28203125 0.228125 0.0890625 0.046875
0 0.15703125 0.2203125 0.0953125 0.04375
0 0.2953125 0.28671875 0.09375 0.0453125
0 0.1890625 0.33203125 0.09375 0.0453125
0 0.965625 0.27265625 0.06875 0.0390625
0 0.82890625 0.26171875 0.1015625 0.0390625
0 0.1234375 0.6296875 0.1 0.040625
0 0.24609375 0.62734375 0.0921875 0.0421875
0 0.4515625 0.6203125 0.090625 0.04375
0 0.5609375 0.62265625 0.09375 0.0484375
0 0.6890625 0.63046875 0.08125 0.0453125
0 0.82890625 0.6390625 0.1046875 0.04375
0 0.9453125 0.6484375 0.0875 0.05
0 0.1150625 0.39773437500000003 0.116484375 0.0568125