0 0.73203125 0.5265625 0.1109375 0.046875
0 0.1875 0.28359375 0.10625 0.0421875
0 0.425 0.23984375 0.103125 0.0453125
0 0.29765625 0.23046875 0.0890625 0.0421875
0 0.17109375 0.2234375 0.1015625 0.046875
0 0.6203125 0.30859375 0.096875 0.0421875
0 0.33671875 0.34375 0.0984375 0.04375
0 0.97578125 0.278125 0.0484375 0.040625
0 0.846875 0.265625 0.1 0.04375
0 0.1375 0.63359375 0.10625 0.0453125
0 0.25703125 0.6296875 0.0984375 0.040625
0 0.4640625 0.6234375 0.09375 0.04375
0 0.5796875 0.628125 0.09375 0.04375
0 0.70546875 0.6359375 0.0890625 0.04375
0 0.84453125 0.64296875 0.1078125 0.0421875
0 0.96015625 0.6515625 0.0796875 0.04375
0 0.243609375 0.40837500000000004 0.117890625 0.058234375000000005