0 0.50234375 0.3125 0.1140625 0.05
0 0.36875 0.29296875 0.090625 0.0453125
0 0.23359375 0.2828125 0.0921875 0.040625
0 0.125 0.28046875 0.0875 0.0390625
0 0.0328125 0.27734375 0.065625 0.0453125
0 0.859375 0.153125 0.046875 0.1
0 0.86796875 0.03671875 0.0390625 0.0703125
0 0.9328125 0.65234375 0.103125 0.0609375
0 0.1171875 0.6578125 0.090625 0.040625
0 0.20859375 0.66015625 0.0640625 0.0421875
0 0.3078125 0.66796875 0.109375 0.0484375
0 0.4484375 0.68046875 0.10625 0.0453125
0 0.68984375 0.69296875 0.0859375 0.0453125