0 0.4578125 0.51640625 0.1125 0.0453125
0 0.24296875 0.28203125 0.1078125 0.0421875
0 0.42890625 0.2359375 0.1046875 0.046875
0 0.30234375 0.22890625 0.0859375 0.0421875
0 0.17734375 0.2203125 0.1015625 0.05
0 0.78515625 0.315625 0.1015625 0.046875
0 0.4359375 0.34609375 0.103125 0.0453125
0 0.9796875 0.275 0.040625 0.040625
0 0.85234375 0.26328125 0.0984375 0.0421875
0 0.140625 0.63046875 0.10625 0.0453125
0 0.2625 0.62734375 0.1 0.0390625
0 0.46875 0.621875 0.090625 0.040625
0 0.58359375 0.6265625 0.0921875 0.040625
0 0.709375 0.63203125 0.0875 0.0484375
0 0.84765625 0.6421875 0.1109375 0.046875
0 0.96171875 0.6484375 0.0765625 0.046875
0 0.365765625 0.415484375 0.11221874999999999 0.06392187499999995