0 0.47578125 0.3078125 0.1140625 0.05
0 0.34296875 0.28828125 0.0890625 0.0453125
0 0.209375 0.28046875 0.090625 0.0421875
0 0.103125 0.27734375 0.084375 0.0421875
0 0.83125 0.15078125 0.04375 0.0953125
0 0.57890625 0.440625 0.1109375 0.05625
0 0.93984375 0.4984375 0.0890625 0.05
0 0.9546875 0.67578125 0.090625 0.0734375
0 0.1015625 0.6546875 0.090625 0.04375
0 0.19296875 0.65625 0.0640625 0.040625
0 0.28828125 0.66328125 0.1015625 0.0390625
0 0.43046875 0.6765625 0.1046875 0.04375
0 0.6703125 0.690625 0.08125 0.046875