0 0.93359375 0.528125 0.1109375 0.046875
0 0.1625 0.27734375 0.103125 0.0390625
0 0.41640625 0.234375 0.1109375 0.046875
0 0.28984375 0.22890625 0.0828125 0.0484375
0 0.16640625 0.221875 0.1015625 0.046875
0 0.51484375 0.3 0.0984375 0.04375
0 0.28359375 0.33828125 0.0953125 0.0421875
0 0.9734375 0.27265625 0.053125 0.0359375
0 0.8390625 0.26328125 0.1 0.0421875
0 0.13046875 0.6296875 0.1046875 0.04375
0 0.25234375 0.62578125 0.0953125 0.0421875
0 0.459375 0.62109375 0.084375 0.0390625
0 0.5734375 0.62578125 0.0875 0.0390625
0 0.70078125 0.63046875 0.0890625 0.0421875
0 0.83671875 0.63984375 0.1078125 0.0453125
0 0.95546875 0.64765625 0.0828125 0.0453125
0 0.188203125 0.40198437499999995 0.11789062500000003 0.0625