0 0.14296875 0.53671875 0.1078125 0.0515625
0 0.46953125 0.3109375 0.1109375 0.05625
0 0.3359375 0.29140625 0.0875 0.0453125
0 0.2015625 0.28203125 0.090625 0.0421875
0 0.0953125 0.2796875 0.084375 0.04375
0 0.82421875 0.15546875 0.0453125 0.0890625
0 0.36875 0.41796875 0.10625 0.0515625
0 0.73203125 0.46953125 0.0890625 0.0484375
0 0.95234375 0.678125 0.0953125 0.075
0 0.09375 0.65546875 0.0875 0.0421875
0 0.28515625 0.665625 0.1046875 0.04375
0 0.42265625 0.67734375 0.1015625 0.0453125
0 0.665625 0.6921875 0.08125 0.04375