0 0.46875 0.55390625 0.109375 0.0515625
0 0.46875 0.31328125 0.10625 0.0484375
0 0.334375 0.29453125 0.090625 0.0453125
0 0.20234375 0.28359375 0.0859375 0.0421875
0 0.09609375 0.28125 0.0859375 0.040625
0 0.0203125 0.278125 0.040625 0.040625
0 0.99453125 0.203125 0.0109375 0.0875
0 0.090625 0.39140625 0.10625 0.0484375
0 0.45703125 0.43359375 0.0890625 0.0453125
0 0.80078125 0.48203125 0.1203125 0.0578125
0 0.953125 0.6796875 0.09375 0.075
0 0.096875 0.6578125 0.084375 0.040625
0 0.18671875 0.659375 0.0609375 0.0375
0 0.2875 0.66796875 0.1 0.0421875
0 0.42578125 0.67890625 0.1015625 0.0453125
0 0.66484375 0.6953125 0.0796875 0.04375