0 0.22578125 0.51484375 0.1140625 0.0484375
0 0.32578125 0.2921875 0.1078125 0.046875
0 0.4375 0.23984375 0.10625 0.0421875
0 0.3109375 0.2328125 0.090625 0.04375
0 0.18125 0.22734375 0.1 0.0484375
0 0.96328125 0.33671875 0.0734375 0.0484375
0 0.57265625 0.3609375 0.1015625 0.040625
0 0.8578125 0.26796875 0.103125 0.0421875
0 0.1421875 0.63515625 0.1125 0.0453125
0 0.26484375 0.63203125 0.1015625 0.0390625
0 0.47265625 0.62734375 0.0953125 0.0421875
0 0.58359375 0.63125 0.0953125 0.0375
0 0.71328125 0.63359375 0.0859375 0.0484375
0 0.85078125 0.6453125 0.1109375 0.046875
0 0.9625 0.6546875 0.075 0.046875
0 0.543328125 0.43253125 0.1150625 0.0525625