0 0.57109375 0.55390625 0.1078125 0.0484375
0 0.4640625 0.3078125 0.10625 0.05
0 0.32734375 0.28984375 0.0859375 0.0484375
0 0.196875 0.2796875 0.0875 0.04375
0 0.09140625 0.27578125 0.0828125 0.0421875
0 0.36953125 0.4203125 0.0890625 0.04375
0 0.70625 0.46484375 0.121875 0.0578125
0 0.95078125 0.67421875 0.0953125 0.0734375
0 0.09296875 0.65390625 0.0828125 0.0390625
0 0.18359375 0.65390625 0.0640625 0.0390625
0 0.2828125 0.66328125 0.103125 0.0453125
0 0.41953125 0.6734375 0.1046875 0.046875
0 0.659375 0.6921875 0.08125 0.046875