0 0.4921875 0.31328125 0.1125 0.0515625
0 0.35703125 0.29453125 0.0921875 0.0484375
0 0.22421875 0.28515625 0.0953125 0.0421875
0 0.11640625 0.2828125 0.0890625 0.046875
0 0.02890625 0.27890625 0.0578125 0.0421875
0 0.84765625 0.153125 0.0453125 0.103125
0 0.85546875 0.04140625 0.0359375 0.0734375
0 0.95625 0.6765625 0.0875 0.075
0 0.11171875 0.6578125 0.0890625 0.04375
0 0.20546875 0.6625 0.0640625 0.040625
0 0.3015625 0.66953125 0.109375 0.0453125
0 0.44140625 0.68125 0.1015625 0.046875
0 0.68203125 0.6953125 0.0796875 0.046875