0 0.50703125 0.309375 0.1171875 0.053125
0 0.37265625 0.290625 0.0921875 0.04375
0 0.05234375 0.3390625 0.1015625 0.05
0 0.23984375 0.28203125 0.0953125 0.0421875
0 0.13125 0.278125 0.08125 0.040625
0 0.0359375 0.27421875 0.071875 0.0390625
0 0.8609375 0.15390625 0.04375 0.0953125
0 0.87578125 0.0375 0.0328125 0.065625
0 0.8859375 0.63359375 0.10625 0.0453125
0 0.11953125 0.65625 0.0921875 0.040625
0 0.2140625 0.65625 0.06875 0.04375
0 0.3109375 0.66484375 0.109375 0.0421875
0 0.45234375 0.6765625 0.1046875 0.046875
0 0.69453125 0.69375 0.0859375 0.046875