0 0.1046875 0.5203125 0.11875 0.065625
0 0.40703125 0.29140625 0.1078125 0.0453125
0 0.446875 0.23515625 0.103125 0.0390625
0 0.32421875 0.22734375 0.0890625 0.0390625
0 0.1953125 0.21953125 0.1 0.0453125
0 0.698859375 0.43679687500000003 0.11648437499999993 0.06676562500000002
0 0.6921875 0.36328125 0.1 0.0453125
0 0.98671875 0.2734375 0.0265625 0.040625
0 0.86953125 0.26171875 0.0984375 0.0390625
0 0.15546875 0.62890625 0.1078125 0.0421875
0 0.27734375 0.625 0.1046875 0.040625
0 0.48203125 0.61953125 0.0921875 0.0421875
0 0.59609375 0.62421875 0.0984375 0.0421875
0 0.725 0.62890625 0.090625 0.0453125
0 0.86484375 0.6390625 0.1140625 0.046875