0 0.046875 0.53203125 0.09375 0.0453125
0 0.47578125 0.3078125 0.1078125 0.05
0 0.3421875 0.2875 0.090625 0.046875
0 0.20859375 0.2796875 0.0890625 0.040625
0 0.1015625 0.27578125 0.0875 0.0453125
0 0.0234375 0.27265625 0.046875 0.0421875
0 0.82890625 0.15234375 0.0390625 0.0921875
0 0.47421875 0.42890625 0.1109375 0.0546875
0 0.8390625 0.4828125 0.090625 0.05
0 0.9546875 0.67578125 0.090625 0.0765625
0 0.09921875 0.65390625 0.0890625 0.0421875
0 0.1921875 0.6546875 0.0625 0.0375
0 0.28984375 0.66484375 0.1046875 0.0390625
0 0.4265625 0.6765625 0.10625 0.046875
0 0.67109375 0.6890625 0.0828125 0.046875