0 0.16484375 0.51328125 0.1203125 0.0609375
0 0.36953125 0.2890625 0.1078125 0.040625
0 0.44453125 0.23515625 0.1046875 0.0453125
0 0.31796875 0.228125 0.0890625 0.04375
0 0.190625 0.22109375 0.103125 0.0484375
0 0.621453125 0.43181250000000004 0.117890625 0.0568125
0 0.63359375 0.36015625 0.1015625 0.0390625
0 0.8671875 0.26328125 0.1 0.0421875
0 0.153125 0.62890625 0.1125 0.0421875
0 0.2734375 0.625 0.103125 0.0375
0 0.4796875 0.62109375 0.09375 0.0421875
0 0.5921875 0.625 0.096875 0.040625
0 0.72109375 0.62890625 0.0890625 0.0484375
0 0.8609375 0.63984375 0.109375 0.0453125
0 0.96640625 0.6484375 0.0671875 0.046875