0 0.53203125 0.31171875 0.1140625 0.0546875
0 0.3953125 0.29375 0.09375 0.04375
0 0.38046875 0.3703125 0.1015625 0.05
0 0.2625 0.284375 0.096875 0.04375
0 0.14921875 0.28046875 0.0828125 0.0390625
0 0.046875 0.27578125 0.09375 0.0421875
0 0.88515625 0.1546875 0.0453125 0.09375
0 0.89609375 0.03828125 0.0390625 0.0671875
0 0.796875 0.62578125 0.10625 0.0453125
0 0.14140625 0.65859375 0.0921875 0.0390625
0 0.23515625 0.6578125 0.0671875 0.046875
0 0.33046875 0.66796875 0.1171875 0.0421875
0 0.4765625 0.678125 0.10625 0.04375
0 0.71328125 0.69609375 0.0828125 0.0421875