0 0.5140625 0.309375 0.115625 0.053125
0 0.3796875 0.28828125 0.09375 0.0453125
0 0.20390625 0.35078125 0.1015625 0.0484375
0 0.2453125 0.2796875 0.096875 0.04375
0 0.1359375 0.278125 0.084375 0.040625
0 0.03828125 0.275 0.0765625 0.040625
0 0.8703125 0.1515625 0.040625 0.096875
0 0.8796875 0.03828125 0.0375 0.0671875
0 0.83671875 0.62578125 0.1046875 0.0390625
0 0.12421875 0.65390625 0.0921875 0.0390625
0 0.21953125 0.6546875 0.0671875 0.046875
0 0.3171875 0.66328125 0.1125 0.0421875
0 0.45703125 0.6765625 0.1078125 0.046875
0 0.6984375 0.690625 0.084375 0.040625