0 0.52578125 0.3046875 0.1140625 0.046875
0 0.390625 0.2875 0.096875 0.04375
0 0.29375 0.353125 0.1 0.046875
0 0.2546875 0.2765625 0.096875 0.046875
0 0.14609375 0.275 0.0828125 0.0375
0 0.04453125 0.2703125 0.0890625 0.040625
0 0.87890625 0.14921875 0.0453125 0.0921875
0 0.89140625 0.03515625 0.0390625 0.0671875
0 0.81875 0.61875 0.10625 0.04375
0 0.13203125 0.65078125 0.0921875 0.0421875
0 0.22734375 0.65078125 0.0671875 0.0484375
0 0.325 0.66015625 0.115625 0.0421875
0 0.46796875 0.67265625 0.1078125 0.0484375
0 0.709375 0.6875 0.090625 0.040625