0 0.5125 0.309375 0.115625 0.05
0 0.378125 0.2890625 0.09375 0.046875
0 0.12734375 0.34375 0.0984375 0.046875
0 0.24296875 0.2796875 0.0953125 0.04375
0 0.13515625 0.278125 0.0828125 0.040625
0 0.03828125 0.2734375 0.0765625 0.040625
0 0.86796875 0.1515625 0.0421875 0.1
0 0.87734375 0.03671875 0.0421875 0.0671875
0 0.86328125 0.62890625 0.1046875 0.0390625
0 0.12265625 0.65390625 0.0921875 0.0390625
0 0.21796875 0.65625 0.0640625 0.04375
0 0.3140625 0.66328125 0.1125 0.0421875
0 0.45703125 0.67421875 0.1046875 0.0484375
0 0.7 0.69140625 0.08125 0.0453125