0 0.0328125 0.5515625 0.065625 0.09375
0 0.4984375 0.29140625 0.1125 0.0390625
0 0.45859375 0.23125 0.0984375 0.040625
0 0.3375 0.2234375 0.0875 0.040625
0 0.2078125 0.2171875 0.1 0.046875
0 0.8296875 0.36640625 0.103125 0.0390625
0 0.88203125 0.2578125 0.0984375 0.0375
0 0.1625 0.625 0.109375 0.04375
0 0.2859375 0.62265625 0.10625 0.0390625
0 0.4921875 0.61796875 0.09375 0.0421875
0 0.6109375 0.62109375 0.096875 0.0421875
0 0.73515625 0.62734375 0.0890625 0.0453125
0 0.8703125 0.63984375 0.10625 0.0484375
0 0.97265625 0.6453125 0.0546875 0.04375
0 0.8813906250000001 0.44246875 0.117890625 0.058234375000000005