0 0.357798 0.246367 0.102445 0.160112 0.834634
0 0.468106 0.249080 0.091071 0.155581 0.815326
0 0.890545 0.440638 0.102960 0.190888 0.814109
0 0.568466 0.640479 0.091008 0.190254 0.813380
0 0.468464 0.632415 0.090503 0.189989 0.809648
0 0.780118 0.641273 0.090334 0.189214 0.808914
0 0.237919 0.245420 0.106059 0.158480 0.808433
0 0.673727 0.634727 0.086661 0.187014 0.804929
0 0.249332 0.628597 0.097739 0.189858 0.802223
0 0.675126 0.445368 0.088871 0.190677 0.801310
0 0.361593 0.438562 0.100376 0.197839 0.800960
0 0.888801 0.253683 0.101448 0.175787 0.798334
0 0.890848 0.637582 0.096005 0.187840 0.793733
0 0.118161 0.246215 0.121287 0.157000 0.789595
0 0.365051 0.632652 0.094234 0.180925 0.789217
0 0.570345 0.440373 0.088486 0.194200 0.783842
0 0.250617 0.429999 0.101247 0.190261 0.781415
0 0.465833 0.438009 0.088754 0.189662 0.778141
0 0.782273 0.440495 0.095048 0.192414 0.771924
0 0.146479 0.780472 0.088038 0.102057 0.769255
0 0.136884 0.625958 0.092669 0.184684 0.763558
0 0.780603 0.251209 0.097535 0.164363 0.761809
0 0.573390 0.250268 0.088975 0.155376 0.751984
0 0.785295 0.784871 0.089441 0.092340 0.718723
0 0.368023 0.783934 0.088244 0.095434 0.704598
0 0.978874 0.786373 0.041230 0.097825 0.692603
0 0.892423 0.786100 0.091187 0.087891 0.682949
0 0.974158 0.636283 0.051479 0.193476 0.678392
0 0.130192 0.431831 0.114529 0.184810 0.672884
0 0.570114 0.787005 0.086986 0.087884 0.654631
0 0.470920 0.786597 0.087822 0.086524 0.653308
0 0.973796 0.441146 0.051507 0.194130 0.651321
0 0.038897 0.784029 0.077794 0.093841 0.648792
0 0.261129 0.784013 0.086716 0.092510 0.622681
0 0.032721 0.245573 0.064095 0.159210 0.604169
0 0.674405 0.250493 0.098501 0.168369 0.582718
0 0.673021 0.787497 0.085013 0.083082 0.509353
0 0.973611 0.255765 0.052777 0.170415 0.493872
0 0.972284 0.192905 0.054501 0.052042 0.390422
0 0.974342 0.598121 0.050858 0.112494 0.319546
0 0.032033 0.605478 0.063779 0.053536 0.308964
0 0.782153 0.382611 0.088696 0.068907 0.272361
0 0.568316 0.391232 0.080126 0.087696 0.270550
