0 0.471857 0.326410 0.081650 0.070603 0.848516
0 0.552904 0.648537 0.078576 0.083551 0.845035
0 0.343615 0.573255 0.045822 0.084120 0.842110
0 0.608718 0.570412 0.060899 0.095498 0.840036
0 0.769363 0.647538 0.079168 0.081372 0.838146
0 0.885678 0.574224 0.047746 0.081819 0.833499
0 0.349007 0.219397 0.071638 0.059122 0.832780
0 0.829587 0.423298 0.044970 0.065652 0.819832
0 0.675557 0.241248 0.126340 0.064462 0.818824
0 0.400059 0.574226 0.049334 0.084487 0.818513
0 0.899519 0.656162 0.071836 0.070442 0.816961
0 0.286838 0.568239 0.049540 0.093799 0.815729
0 0.779896 0.564236 0.053381 0.080375 0.814805
0 0.751414 0.351964 0.073257 0.071479 0.800476
0 0.257122 0.661203 0.089183 0.088303 0.798752
0 0.668923 0.786495 0.072403 0.090463 0.793244
0 0.453547 0.570882 0.048416 0.088717 0.785918
0 0.340324 0.318274 0.079113 0.060725 0.783040
0 0.252132 0.376051 0.069631 0.064130 0.781034
0 0.174814 0.656855 0.093699 0.081524 0.779544
0 0.943347 0.578584 0.052026 0.080895 0.779245
0 0.908205 0.368472 0.083848 0.062029 0.777096
0 0.507112 0.571830 0.049189 0.082236 0.777078
0 0.956432 0.329161 0.086942 0.052971 0.774892
0 0.677684 0.412703 0.043928 0.056917 0.773303
0 0.616825 0.654952 0.069914 0.069107 0.772582
0 0.696489 0.343081 0.075746 0.074719 0.770161
0 0.156205 0.514523 0.090546 0.062135 0.770145
0 0.617639 0.342405 0.084591 0.068399 0.769850
0 0.042023 0.562987 0.084047 0.052031 0.767350
0 0.416010 0.393889 0.053938 0.072792 0.766858
0 0.880796 0.254565 0.115399 0.073690 0.763743
0 0.624847 0.405791 0.052146 0.072971 0.763234
0 0.565281 0.791597 0.088004 0.084808 0.762617
0 0.793645 0.789916 0.091313 0.088450 0.761377
0 0.519045 0.401819 0.048083 0.059233 0.758229
0 0.042521 0.608622 0.084667 0.043312 0.740039
0 0.059874 0.487356 0.096659 0.036906 0.727389
0 0.167737 0.303807 0.070743 0.063447 0.720458
0 0.439585 0.793671 0.071087 0.080664 0.719362
0 0.567406 0.412946 0.052373 0.062188 0.701871
0 0.151284 0.556101 0.097447 0.063383 0.700954
0 0.759254 0.427931 0.054142 0.068848 0.695609
0 0.806347 0.355156 0.069531 0.080346 0.684533
0 0.331973 0.668089 0.080655 0.077084 0.677366
0 0.885258 0.434754 0.047451 0.061051 0.677298
0 0.404004 0.661055 0.075278 0.076582 0.673063
0 0.167714 0.791785 0.075399 0.084075 0.668491
0 0.124200 0.365410 0.073890 0.062083 0.654994
0 0.558987 0.237326 0.067675 0.059159 0.623571
0 0.078949 0.367072 0.058594 0.056937 0.608278
0 0.300323 0.790791 0.073290 0.078578 0.584062
0 0.047992 0.523918 0.095985 0.050948 0.579573
0 0.539985 0.333715 0.074248 0.062322 0.571847
0 0.233562 0.577198 0.054050 0.081241 0.566228
0 0.189244 0.370747 0.064171 0.059819 0.520018
0 0.120611 0.651591 0.133766 0.086077 0.466591
0 0.703306 0.239417 0.068417 0.062293 0.439198
0 0.101998 0.648947 0.100256 0.083384 0.374004
0 0.233660 0.790972 0.076932 0.081099 0.326035
0 0.973055 0.257292 0.053889 0.070323 0.285625
