0 0.188387 0.450516 0.105118 0.046774 0.891342
0 0.684710 0.357335 0.098520 0.050221 0.876334
0 0.964388 0.367494 0.070984 0.049036 0.863034
0 0.509049 0.463881 0.110261 0.048698 0.862765
0 0.915676 0.454938 0.106007 0.050263 0.855406
0 0.063035 0.367035 0.095397 0.044577 0.854951
0 0.655488 0.460745 0.107292 0.046849 0.853500
0 0.550068 0.368140 0.103603 0.048594 0.852417
0 0.351581 0.548722 0.110907 0.047010 0.846602
0 0.396229 0.279167 0.108719 0.051778 0.844089
0 0.176363 0.279149 0.117834 0.056622 0.842944
0 0.197194 0.363150 0.112310 0.048941 0.842823
0 0.582509 0.274678 0.110089 0.054524 0.842009
0 0.502193 0.652066 0.085617 0.045306 0.841987
0 0.818417 0.356070 0.111432 0.050663 0.841042
0 0.359576 0.362626 0.120426 0.051644 0.837198
0 0.779042 0.269381 0.110682 0.052841 0.836775
0 0.358405 0.468983 0.152788 0.068181 0.834018
0 0.779711 0.459560 0.104173 0.043759 0.831806
0 0.259220 0.677042 0.104365 0.052584 0.830273
0 0.030175 0.621922 0.059845 0.047965 0.816123
0 0.023075 0.301119 0.046150 0.042620 0.806734
0 0.763323 0.740074 0.116700 0.045023 0.806039
0 0.025648 0.451072 0.051296 0.041059 0.752068
0 0.993149 0.279574 0.013685 0.046609 0.437779
