0 0.867402 0.350233 0.134216 0.081898 0.870835
0 0.134521 0.332086 0.170609 0.081704 0.849853
0 0.689363 0.564089 0.149171 0.065074 0.848873
0 0.488204 0.373444 0.157589 0.078143 0.846656
0 0.789146 0.458022 0.170885 0.070749 0.846630
0 0.074307 0.247608 0.143238 0.059123 0.846628
0 0.502607 0.250580 0.149740 0.066246 0.843126
0 0.887251 0.552739 0.155005 0.068535 0.839884
0 0.750335 0.246555 0.145850 0.062299 0.839024
0 0.945983 0.244110 0.108034 0.053557 0.834165
0 0.310074 0.419266 0.152245 0.087485 0.827417
0 0.598159 0.469356 0.162348 0.065577 0.823477
0 0.688084 0.375209 0.155477 0.070127 0.814748
0 0.276926 0.241614 0.146435 0.051463 0.798484
0 0.963298 0.437653 0.073026 0.071067 0.758194
