0 0.673474 0.574736 0.028895 0.058338 0.888270
0 0.401040 0.702029 0.063583 0.035480 0.883839
0 0.524389 0.297599 0.028440 0.061705 0.877949
0 0.578212 0.743937 0.062947 0.039031 0.847998
0 0.866919 0.640847 0.032165 0.062632 0.847129
0 0.208421 0.447321 0.034810 0.069533 0.845258
0 0.412939 0.482795 0.036629 0.053222 0.842981
0 0.726106 0.692702 0.063585 0.038563 0.840441
0 0.307638 0.593706 0.070095 0.036181 0.834893
0 0.350001 0.298153 0.028896 0.063735 0.830631
0 0.322481 0.683224 0.066758 0.034346 0.827865
0 0.386694 0.612932 0.065287 0.035136 0.819230
0 0.813056 0.715736 0.064506 0.034894 0.816533
0 0.240247 0.298648 0.028494 0.059188 0.816433
0 0.894660 0.295779 0.035318 0.060539 0.815917
0 0.855820 0.435134 0.069810 0.026926 0.814738
0 0.466358 0.638761 0.062576 0.034755 0.811841
0 0.569501 0.655738 0.057262 0.030191 0.807684
0 0.450197 0.292522 0.028333 0.064551 0.803760
0 0.249705 0.458950 0.043203 0.071219 0.802501
0 0.786167 0.802918 0.058513 0.032331 0.798623
0 0.667019 0.297373 0.027640 0.065585 0.797867
0 0.740028 0.293098 0.028859 0.051694 0.794525
0 0.432167 0.589379 0.061507 0.033392 0.793878
0 0.516967 0.613206 0.059557 0.032503 0.786643
0 0.485781 0.295690 0.029351 0.063945 0.781200
0 0.234701 0.574617 0.064052 0.034885 0.780961
0 0.754348 0.599382 0.043423 0.082441 0.780714
0 0.631512 0.292026 0.030845 0.060666 0.765208
0 0.369783 0.482586 0.034963 0.058419 0.764652
0 0.707964 0.299286 0.028187 0.057603 0.750574
0 0.484456 0.514135 0.031966 0.050427 0.743876
0 0.850421 0.484800 0.068711 0.030694 0.739486
0 0.504985 0.727794 0.065456 0.040172 0.730729
0 0.801724 0.624387 0.030533 0.057491 0.728280
0 0.857681 0.813699 0.061095 0.035980 0.686817
0 0.881628 0.733764 0.066098 0.033080 0.611974
0 0.632367 0.569122 0.038367 0.066563 0.595794
0 0.806557 0.300817 0.030592 0.062309 0.575555
0 0.104030 0.198037 0.032205 0.056954 0.571765
0 0.535487 0.530371 0.043843 0.099992 0.516159
0 0.174912 0.302560 0.029420 0.056629 0.391449
0 0.280401 0.296908 0.033685 0.068833 0.364152
