0 0.404820 0.494104 0.111515 0.050225 0.870338
0 0.602087 0.323628 0.115967 0.050252 0.865291
0 0.412162 0.320631 0.102216 0.047317 0.853674
0 0.030639 0.490711 0.061026 0.050018 0.851642
0 0.043789 0.401938 0.087578 0.049111 0.849203
0 0.227892 0.496645 0.110399 0.047581 0.848232
0 0.891964 0.408072 0.116604 0.049331 0.848135
0 0.437792 0.423063 0.119128 0.052046 0.845358
0 0.233901 0.325045 0.111406 0.048278 0.842321
0 0.882208 0.333182 0.115726 0.048657 0.841211
0 0.768891 0.505277 0.154027 0.064003 0.838658
0 0.737714 0.399935 0.127580 0.055872 0.837690
0 0.056511 0.327763 0.111639 0.056095 0.836676
0 0.595807 0.497199 0.111018 0.053202 0.835047
0 0.962185 0.510869 0.075454 0.051363 0.832888
0 0.232122 0.406362 0.173387 0.078295 0.830418
0 0.749666 0.325592 0.105196 0.045730 0.824446
0 0.579772 0.424958 0.100021 0.046829 0.794078
