0 0.311934 0.468377 0.072731 0.093186 0.842590
0 0.646145 0.422747 0.075025 0.156722 0.842402
0 0.055447 0.395541 0.081700 0.093327 0.837898
0 0.201440 0.699002 0.073370 0.115407 0.834264
0 0.572404 0.471400 0.066317 0.091385 0.834094
0 0.557316 0.270960 0.060604 0.092281 0.829551
0 0.728624 0.409065 0.065949 0.088004 0.828798
0 0.645987 0.393943 0.073687 0.100140 0.826885
0 0.397047 0.718043 0.071837 0.106403 0.825044
0 0.487803 0.634456 0.071476 0.087329 0.821349
0 0.479092 0.390492 0.079041 0.095881 0.819867
0 0.869688 0.647628 0.074149 0.095886 0.819279
0 0.116183 0.625922 0.080213 0.102165 0.818150
0 0.948154 0.253272 0.067404 0.123904 0.816068
0 0.095450 0.720441 0.076342 0.097124 0.815702
0 0.485168 0.476418 0.073901 0.082474 0.811267
0 0.864082 0.276397 0.068077 0.081169 0.810561
0 0.714895 0.290293 0.061970 0.072627 0.809009
0 0.830821 0.475345 0.069254 0.087032 0.808159
0 0.961020 0.640175 0.077961 0.096930 0.802890
0 0.146205 0.463823 0.083363 0.091154 0.801753
0 0.813559 0.386382 0.074735 0.092586 0.794809
0 0.657073 0.454723 0.069271 0.123170 0.792524
0 0.487771 0.728086 0.075289 0.084624 0.792398
0 0.781677 0.681115 0.080534 0.179533 0.790379
0 0.020404 0.728097 0.040617 0.100795 0.788457
0 0.298037 0.632894 0.072996 0.067937 0.761783
0 0.904008 0.400160 0.070780 0.073330 0.747868
0 0.234980 0.400431 0.064657 0.071198 0.747461
0 0.912264 0.465942 0.076113 0.077054 0.738922
0 0.680115 0.625067 0.077461 0.095869 0.738573
0 0.949924 0.271197 0.067224 0.087898 0.736515
0 0.969753 0.732057 0.059683 0.095090 0.732796
0 0.642354 0.276360 0.061703 0.078103 0.730848
0 0.588171 0.683091 0.079690 0.184519 0.729352
0 0.585768 0.709080 0.081755 0.134697 0.729231
0 0.402595 0.260974 0.069215 0.112947 0.725917
0 0.977894 0.398940 0.043692 0.075608 0.688390
0 0.296989 0.711644 0.076890 0.102074 0.685862
0 0.775337 0.631663 0.067270 0.079970 0.632640
0 0.642172 0.259571 0.061773 0.110988 0.615679
0 0.587291 0.616439 0.066295 0.054991 0.604397
0 0.940973 0.241378 0.071434 0.140083 0.602379
0 0.982660 0.436053 0.033797 0.155384 0.561128
0 0.779107 0.252320 0.068175 0.123369 0.477318
0 0.657497 0.471669 0.070472 0.087147 0.386199
0 0.983820 0.469114 0.031588 0.085652 0.300312
