0 0.499524 0.502169 0.087575 0.155012 0.807750
0 0.712400 0.522085 0.100579 0.192560 0.802381
0 0.388589 0.505641 0.092818 0.171279 0.794784
0 0.605360 0.522285 0.093470 0.146157 0.785277
0 0.818861 0.535932 0.101759 0.165216 0.774704
0 0.105458 0.488034 0.110177 0.145665 0.739568
0 0.932818 0.541563 0.120393 0.164331 0.731019
0 0.286950 0.497912 0.114266 0.148244 0.610668
0 0.196011 0.485645 0.102889 0.169682 0.571692
0 0.981316 0.543478 0.036625 0.155067 0.462785
0 0.033101 0.480195 0.065315 0.151243 0.451914
