0 0.471960 0.326414 0.081674 0.070623 0.848552
0 0.552902 0.648435 0.078603 0.083585 0.844939
0 0.343618 0.573161 0.045835 0.084143 0.842195
0 0.608810 0.570319 0.060932 0.095534 0.839705
0 0.769172 0.647436 0.079194 0.081399 0.838175
0 0.885873 0.574418 0.047762 0.081841 0.833261
0 0.349011 0.219400 0.071658 0.059138 0.832901
0 0.829782 0.423306 0.044990 0.065671 0.819440
0 0.675463 0.241199 0.126374 0.064479 0.818786
0 0.400058 0.574130 0.049352 0.084513 0.818376
0 0.899325 0.656064 0.071856 0.070461 0.816959
0 0.286840 0.568140 0.049558 0.093826 0.815793
0 0.779698 0.564137 0.053404 0.080397 0.814613
0 0.751215 0.352065 0.073277 0.071494 0.800464
0 0.257164 0.661202 0.089187 0.088323 0.798810
0 0.668919 0.786396 0.072437 0.090492 0.793214
0 0.453642 0.570886 0.048437 0.088746 0.785898
0 0.340313 0.318232 0.079157 0.060764 0.783473
0 0.252112 0.376156 0.069658 0.064157 0.780791
0 0.174816 0.656756 0.093718 0.081542 0.779668
0 0.943439 0.578677 0.052043 0.080923 0.779251
0 0.908220 0.368566 0.083891 0.062049 0.777233
0 0.507014 0.571732 0.049216 0.082265 0.776987
0 0.956427 0.329115 0.086966 0.052984 0.774991
0 0.677781 0.412706 0.043945 0.056939 0.773282
0 0.616923 0.655150 0.069941 0.069125 0.772785
0 0.156210 0.514429 0.090580 0.062155 0.770096
0 0.696392 0.343035 0.075767 0.074737 0.770019
0 0.617440 0.342501 0.084615 0.068417 0.769744
0 0.042023 0.562889 0.084046 0.052047 0.767528
0 0.416061 0.393794 0.053961 0.072818 0.766678
0 0.880996 0.254615 0.115427 0.073708 0.763662
0 0.624750 0.405750 0.052171 0.072984 0.763477
0 0.565280 0.791595 0.088043 0.084824 0.762136
0 0.793546 0.789908 0.091361 0.088480 0.760818
0 0.519044 0.401775 0.048104 0.059252 0.758268
0 0.042531 0.608817 0.084687 0.043324 0.739897
0 0.059880 0.487408 0.096683 0.036918 0.727577
0 0.167766 0.303910 0.070718 0.063452 0.720426
0 0.439690 0.793473 0.071121 0.080695 0.719067
0 0.567598 0.412950 0.052405 0.062213 0.702237
0 0.151285 0.556198 0.097468 0.063395 0.700973
0 0.759064 0.427843 0.054169 0.068869 0.695087
0 0.806348 0.355261 0.069553 0.080363 0.684125
0 0.332068 0.667991 0.080667 0.077112 0.677643
0 0.885451 0.434855 0.047470 0.061071 0.677296
0 0.404059 0.660958 0.075302 0.076602 0.672887
0 0.167738 0.791777 0.075420 0.084101 0.668330
0 0.124105 0.365510 0.074056 0.062098 0.656234
0 0.558894 0.237279 0.067704 0.059164 0.623437
0 0.078994 0.367021 0.058763 0.056973 0.609348
0 0.300371 0.790796 0.073337 0.078587 0.580960
0 0.047994 0.524117 0.095987 0.050963 0.579343
0 0.539794 0.333715 0.074283 0.062357 0.572163
0 0.233618 0.577396 0.054066 0.081259 0.566222
0 0.189267 0.370804 0.064196 0.059824 0.519759
0 0.120743 0.651413 0.133961 0.086074 0.466621
0 0.703497 0.239392 0.068442 0.062324 0.439414
0 0.101971 0.648888 0.100272 0.083325 0.373337
0 0.233620 0.790965 0.076988 0.081123 0.325921
0 0.972954 0.257253 0.054093 0.070298 0.287927
