0 0.041035 0.671992 0.082070 0.078017 0.85
0 0.864387 0.536469 0.113709 0.055776 0.84
0 0.219494 0.694375 0.129333 0.062997 0.84
0 0.388879 0.574149 0.122185 0.058266 0.84
0 0.250454 0.616514 0.138582 0.063783 0.84
0 0.934133 0.634804 0.127158 0.057331 0.83
0 0.595953 0.697354 0.135976 0.064951 0.83
0 0.766694 0.693488 0.139632 0.061458 0.83
0 0.398272 0.692801 0.152649 0.062955 0.82
0 0.762701 0.626826 0.125184 0.060529 0.81
0 0.100249 0.522522 0.121096 0.055152 0.80
0 0.397260 0.522997 0.124537 0.052498 0.80
0 0.976788 0.556188 0.046424 0.075004 0.80
0 0.725284 0.522765 0.113250 0.051068 0.80
0 0.761365 0.580220 0.126455 0.047794 0.80
0 0.597980 0.574944 0.117007 0.055933 0.79
0 0.421285 0.627292 0.136714 0.057948 0.79
0 0.246736 0.525614 0.111680 0.048303 0.78
0 0.565954 0.524068 0.121788 0.045266 0.78
0 0.594811 0.634676 0.135477 0.063731 0.77
0 0.107416 0.583095 0.121976 0.054730 0.76