0 0.357844 0.246319 0.102499 0.160155 0.83
0 0.468114 0.249032 0.091107 0.155622 0.82
0 0.890353 0.440546 0.103002 0.190945 0.81
0 0.568562 0.640284 0.091040 0.190311 0.81
0 0.468414 0.632617 0.090530 0.190038 0.81
0 0.779927 0.641167 0.090359 0.189271 0.81
0 0.237962 0.245466 0.106100 0.158526 0.81
0 0.673723 0.634928 0.086700 0.187062 0.81
0 0.249384 0.628407 0.097780 0.189912 0.80
0 0.675033 0.445461 0.088900 0.190737 0.80
0 0.361654 0.438464 0.100448 0.197889 0.80
0 0.889005 0.253641 0.101489 0.175838 0.80
0 0.890656 0.637780 0.096037 0.187885 0.79
0 0.118189 0.246258 0.121393 0.157053 0.79
0 0.365160 0.632787 0.094266 0.181120 0.79
0 0.570350 0.440459 0.088515 0.194261 0.78
0 0.250678 0.429907 0.101295 0.190317 0.78
0 0.465790 0.438098 0.088784 0.189720 0.78
0 0.782266 0.440586 0.095082 0.192477 0.77
0 0.146534 0.780285 0.088058 0.102085 0.77
0 0.136912 0.626157 0.092714 0.184739 0.76
0 0.780415 0.251165 0.097567 0.164402 0.76
0 0.573394 0.250159 0.089005 0.155424 0.75
0 0.785201 0.784865 0.089466 0.092364 0.72
0 0.367982 0.783929 0.088264 0.095458 0.70
0 0.979063 0.786375 0.041248 0.097883 0.69
0 0.892619 0.786102 0.091230 0.087930 0.68
0 0.974299 0.636486 0.051401 0.193545 0.68
0 0.130233 0.431921 0.114582 0.184866 0.67
0 0.570017 0.786809 0.087006 0.087904 0.66
0 0.471023 0.786410 0.087845 0.086541 0.65
0 0.973983 0.441238 0.051528 0.194183 0.65
0 0.038897 0.784025 0.077794 0.093861 0.65
0 0.261180 0.784009 0.086723 0.092522 0.62
0 0.032733 0.245471 0.064120 0.159259 0.60
0 0.674397 0.250448 0.098520 0.168411 0.58
0 0.672927 0.787309 0.085037 0.083107 0.51