0 0.188411 0.450511 0.105154 0.046787 0.89
0 0.684612 0.357341 0.098552 0.050238 0.88
0 0.964190 0.367394 0.071000 0.049053 0.86
0 0.508856 0.463981 0.110288 0.048715 0.86
0 0.915582 0.455035 0.106041 0.050284 0.86
0 0.063061 0.367087 0.095423 0.044592 0.86
0 0.655487 0.460699 0.107324 0.046866 0.85
0 0.549878 0.368193 0.103638 0.048616 0.85
0 0.351629 0.548527 0.110939 0.047028 0.85
0 0.396185 0.279122 0.108749 0.051801 0.84
0 0.176340 0.279150 0.117866 0.056640 0.84
0 0.197221 0.363204 0.112343 0.048955 0.84
0 0.502094 0.652264 0.085641 0.045319 0.84
0 0.582707 0.274633 0.110128 0.054542 0.84
0 0.818421 0.356023 0.111466 0.050683 0.84
0 0.359528 0.362575 0.120464 0.051659 0.84
0 0.779047 0.269380 0.110724 0.052858 0.84
0 0.358447 0.469100 0.152833 0.068221 0.83
0 0.779712 0.459512 0.104203 0.043775 0.83
0 0.259274 0.676954 0.104410 0.052625 0.83
0 0.030177 0.622020 0.059864 0.047992 0.82
0 0.023077 0.301171 0.046155 0.042636 0.81
0 0.763127 0.740272 0.116728 0.045029 0.81
0 0.025652 0.451021 0.051305 0.041075 0.75