0 0.673569 0.574640 0.028904 0.058354 0.89
0 0.401085 0.701935 0.063593 0.035486 0.88
0 0.524389 0.297650 0.028449 0.061722 0.88
0 0.578406 0.743745 0.062963 0.039044 0.85
0 0.867015 0.640751 0.032179 0.062650 0.85
0 0.208415 0.447233 0.034827 0.069570 0.85
0 0.412986 0.482844 0.036644 0.053237 0.84
0 0.725910 0.692893 0.063593 0.038570 0.84
0 0.307541 0.593709 0.070111 0.036185 0.83
0 0.350048 0.298204 0.028911 0.063757 0.83
0 0.322475 0.683325 0.066771 0.034345 0.83
0 0.386694 0.613031 0.065296 0.035140 0.82
0 0.813246 0.715735 0.064517 0.034901 0.82
0 0.240224 0.298543 0.028506 0.059207 0.82
0 0.894858 0.295780 0.035331 0.060548 0.82
0 0.855920 0.435230 0.069825 0.026928 0.81
0 0.466405 0.638670 0.062587 0.034759 0.81
0 0.569406 0.655740 0.057270 0.030188 0.81
0 0.450148 0.292526 0.028342 0.064571 0.80
0 0.249600 0.458911 0.043231 0.071263 0.80
0 0.786173 0.802727 0.058530 0.032336 0.80
0 0.666823 0.297460 0.027654 0.065619 0.80
0 0.740125 0.293147 0.028866 0.051712 0.79
0 0.432066 0.589380 0.061522 0.033397 0.79
0 0.516961 0.613014 0.059569 0.032508 0.79
0 0.485876 0.295694 0.029359 0.063961 0.78
0 0.234675 0.574814 0.064065 0.034891 0.78
0 0.754449 0.599183 0.043434 0.082467 0.78
0 0.631415 0.292076 0.030854 0.060689 0.77
0 0.369680 0.482635 0.034976 0.058435 0.76
0 0.708161 0.299335 0.028191 0.057621 0.75
0 0.484499 0.514042 0.031985 0.050445 0.74
0 0.850529 0.484754 0.068729 0.030699 0.74
0 0.504888 0.727597 0.065464 0.040183 0.73
0 0.801530 0.624488 0.030544 0.057512 0.73
0 0.857489 0.813801 0.061107 0.035988 0.69
0 0.881830 0.733958 0.066111 0.033090 0.61
0 0.632560 0.569024 0.038381 0.066585 0.60
0 0.806556 0.300720 0.030603 0.062329 0.58
0 0.104039 0.198041 0.032228 0.056972 0.57
0 0.535390 0.530327 0.043861 0.100011 0.52