0 0.404865 0.494205 0.111552 0.050244 0.87
0 0.601893 0.323532 0.115996 0.050267 0.87
0 0.412210 0.320536 0.102242 0.047332 0.85
0 0.030641 0.490766 0.061047 0.050041 0.85
0 0.043798 0.401893 0.087595 0.049129 0.85
0 0.227940 0.496746 0.110436 0.047602 0.85
0 0.891862 0.407975 0.116633 0.049349 0.85
0 0.437696 0.423159 0.119156 0.052066 0.85
0 0.233854 0.325048 0.111426 0.048288 0.84
0 0.882013 0.333280 0.115759 0.048672 0.84
0 0.768702 0.505081 0.154076 0.064034 0.84
0 0.737820 0.399838 0.127616 0.055890 0.84
0 0.056510 0.327767 0.111664 0.056114 0.84
0 0.595809 0.497099 0.111050 0.053216 0.84
0 0.962180 0.510772 0.075478 0.051381 0.83
0 0.232104 0.406421 0.173438 0.078307 0.83
0 0.749566 0.325495 0.105222 0.045740 0.82
0 0.579780 0.424955 0.100047 0.046844 0.79