0 0.311933 0.468474 0.072762 0.093228 0.84
0 0.646039 0.422715 0.075061 0.156894 0.84
0 0.055448 0.395427 0.081761 0.093393 0.84
0 0.201413 0.699097 0.073393 0.115446 0.83
0 0.572497 0.471502 0.066336 0.091417 0.83
0 0.557313 0.270854 0.060633 0.092320 0.83
0 0.728621 0.409067 0.065981 0.088030 0.83
0 0.645881 0.393997 0.073716 0.100171 0.83
0 0.396941 0.718136 0.071874 0.106443 0.83
0 0.487847 0.634356 0.071511 0.087361 0.82
0 0.479192 0.390543 0.079068 0.095906 0.82
0 0.869488 0.647438 0.074179 0.095913 0.82
0 0.116199 0.625721 0.080239 0.102191 0.82
0 0.948256 0.253278 0.067405 0.123720 0.82
0 0.095427 0.720544 0.076368 0.097152 0.82
0 0.485266 0.476526 0.073937 0.082506 0.81
0 0.864276 0.276300 0.068100 0.081190 0.81
0 0.714894 0.290291 0.061995 0.072650 0.81
0 0.830915 0.475298 0.069283 0.087062 0.81
0 0.961057 0.639981 0.077887 0.096966 0.80
0 0.146258 0.463917 0.083395 0.091182 0.80
0 0.813652 0.386434 0.074754 0.092614 0.79
0 0.656884 0.454696 0.069298 0.123473 0.79
0 0.487719 0.728289 0.075325 0.084641 0.79
0 0.781498 0.681024 0.080577 0.179595 0.79
0 0.020413 0.728206 0.040635 0.100827 0.79
0 0.298032 0.632695 0.073022 0.067956 0.76
0 0.903899 0.400193 0.070781 0.073313 0.75
0 0.234931 0.400311 0.064687 0.071238 0.75
0 0.912270 0.466121 0.076111 0.076934 0.74
0 0.680013 0.624867 0.077494 0.095895 0.74
0 0.949828 0.271153 0.067245 0.087919 0.74
0 0.969938 0.732250 0.059711 0.095114 0.73
0 0.642252 0.276289 0.061730 0.078067 0.73
0 0.586676 0.691766 0.080133 0.169083 0.73
0 0.402646 0.261027 0.069248 0.112986 0.73
0 0.977891 0.398899 0.043711 0.075638 0.69
0 0.296983 0.711744 0.076920 0.102101 0.69
0 0.775534 0.631852 0.067295 0.080004 0.63
0 0.642072 0.259820 0.061799 0.110617 0.62
0 0.587387 0.616634 0.066314 0.055008 0.60
0 0.940969 0.241317 0.071433 0.140026 0.60
0 0.982854 0.436147 0.033805 0.155420 0.56