0 0.779146 0.343331 0.126156 0.087416 0.86
0 0.688207 0.685355 0.098646 0.063848 0.85
0 0.395131 0.735030 0.101776 0.050896 0.85
0 0.546284 0.319150 0.106568 0.062188 0.84
0 0.750020 0.439299 0.104527 0.067609 0.84
0 0.062621 0.751684 0.103976 0.047470 0.83
0 0.291791 0.347365 0.113843 0.052918 0.82
0 0.503439 0.613354 0.110570 0.061897 0.82
0 0.511662 0.411979 0.104754 0.059122 0.80
0 0.150982 0.420694 0.120660 0.054262 0.79
0 0.043407 0.503215 0.086813 0.039243 0.78
0 0.264662 0.514182 0.151754 0.065703 0.78