0 0.653772 0.351170 0.080208 0.054520 0.84
0 0.395032 0.728809 0.133138 0.106995 0.83
0 0.617745 0.542585 0.098052 0.070238 0.82
0 0.209999 0.535988 0.143128 0.079527 0.82
0 0.283689 0.621502 0.147989 0.089315 0.79
0 0.344945 0.680633 0.147129 0.085970 0.78
0 0.255756 0.573226 0.128904 0.070621 0.77
0 0.140220 0.460401 0.116086 0.056251 0.75
0 0.908677 0.521685 0.143066 0.094234 0.74
0 0.488712 0.455641 0.091411 0.060506 0.71
0 0.537780 0.494116 0.093101 0.081720 0.65
0 0.565046 0.502870 0.101463 0.072480 0.61
0 0.435174 0.732425 0.215144 0.100949 0.55
0 0.713256 0.599500 0.112028 0.087144 0.53
0 0.522130 0.484903 0.104902 0.068562 0.53
0 0.080075 0.406819 0.108357 0.051266 0.51