0 0.471019 0.452903 0.072464 0.045290 0.887690
0 0.865044 0.774464 0.040761 0.081523 0.887690
0 0.362322 0.208335 0.081522 0.040761 0.851457
0 0.448374 0.276271 0.036232 0.058877 0.851457
0 0.176632 0.534425 0.031703 0.067935 0.851457
0 0.253626 0.606890 0.031703 0.072464 0.851457
0 0.697470 0.611419 0.036232 0.067935 0.851457
0 0.783522 0.769935 0.045290 0.072464 0.851457
0 0.620477 0.774464 0.031703 0.076994 0.851457
0 0.611419 0.280800 0.022645 0.067935 0.815225
0 0.529896 0.280800 0.027174 0.067935 0.815225
0 0.606890 0.280800 0.027174 0.072464 0.815225
0 0.172103 0.285329 0.036232 0.076993 0.815225
0 0.253626 0.289858 0.031703 0.072464 0.815225
0 0.176632 0.375909 0.036232 0.063406 0.815225
0 0.520838 0.525367 0.031703 0.072464 0.815225
0 0.611419 0.525367 0.031703 0.063406 0.815225
0 0.407613 0.525367 0.031703 0.063406 0.815225
0 0.729174 0.525367 0.031703 0.072464 0.815225
0 0.824283 0.529896 0.027174 0.054348 0.815225
0 0.294387 0.611419 0.036232 0.072464 0.815225
0 0.611419 0.615948 0.036232 0.076993 0.815225
0 0.774464 0.615948 0.031703 0.067935 0.815225
0 0.135871 0.611419 0.031703 0.063406 0.815225
0 0.615948 0.611419 0.031703 0.081522 0.815225
0 0.869573 0.629535 0.031703 0.072464 0.815225
0 0.865044 0.625006 0.036232 0.076993 0.815225
0 0.969212 0.697470 0.040761 0.072464 0.815225
0 0.375909 0.769935 0.022645 0.067935 0.815225
0 0.375909 0.769935 0.036232 0.067935 0.815225
0 0.452903 0.774464 0.027174 0.067935 0.815225
0 0.534425 0.769935 0.031703 0.072464 0.815225
0 0.538954 0.774464 0.027174 0.067935 0.815225
0 0.738232 0.778993 0.031703 0.076994 0.815225
0 0.412142 0.778993 0.022645 0.063406 0.815225
0 0.289858 0.276271 0.031703 0.067935 0.760877
0 0.729174 0.276271 0.027174 0.054348 0.760877
0 0.298916 0.366851 0.036232 0.063406 0.760877
0 0.448374 0.366851 0.031703 0.067935 0.760877
0 0.643122 0.371380 0.036232 0.067935 0.760877
0 0.172103 0.371380 0.040761 0.067935 0.760877
0 0.529896 0.525367 0.027174 0.072464 0.760877
0 0.652180 0.520838 0.027174 0.045290 0.760877
0 0.212864 0.529896 0.031703 0.063406 0.760877
0 0.525367 0.520838 0.036232 0.067935 0.760877
0 0.566129 0.525367 0.027174 0.067935 0.760877
0 0.652180 0.511780 0.027174 0.040761 0.760877
0 0.778993 0.525367 0.031703 0.054348 0.760877
0 0.212864 0.606890 0.027174 0.072464 0.760877
0 0.176632 0.615948 0.036232 0.067935 0.760877
0 0.529896 0.615948 0.027174 0.076993 0.760877
0 0.819754 0.620477 0.031703 0.067935 0.760877
0 0.335148 0.615948 0.027174 0.058877 0.760877
0 0.448374 0.615948 0.036232 0.086052 0.760877
0 0.538954 0.774464 0.036232 0.076994 0.760877
0 0.665767 0.774464 0.027174 0.067935 0.760877
0 0.135871 0.774464 0.036232 0.067935 0.760877
0 0.212864 0.769935 0.036232 0.063406 0.760877
0 0.493664 0.774464 0.031703 0.067935 0.760877
0 0.815225 0.267213 0.036232 0.045290 0.706528
0 0.484606 0.276271 0.031703 0.058877 0.706528
0 0.258155 0.289858 0.027174 0.063406 0.706528
0 0.217393 0.366851 0.031703 0.076993 0.706528
0 0.335148 0.366851 0.036232 0.067935 0.706528
0 0.484606 0.371380 0.031703 0.063406 0.706528
0 0.489135 0.366851 0.036232 0.058877 0.706528
0 0.529896 0.366851 0.031703 0.063406 0.706528
0 0.647651 0.366851 0.031703 0.067935 0.706528
0 0.683883 0.371380 0.031703 0.063406 0.706528
0 0.815225 0.366851 0.036232 0.067935 0.706528
0 0.262684 0.375909 0.036232 0.058877 0.706528
0 0.407613 0.375909 0.027174 0.058877 0.706528
0 0.135871 0.371380 0.040761 0.081523 0.706528
0 0.452903 0.371380 0.036232 0.067935 0.706528
0 0.289858 0.525367 0.031703 0.058877 0.706528
0 0.819754 0.534425 0.031703 0.049819 0.706528
0 0.217393 0.611419 0.031703 0.067935 0.706528
0 0.330619 0.774464 0.031703 0.072464 0.706528
0 0.493664 0.769935 0.040761 0.072464 0.706528
0 0.824283 0.774464 0.031703 0.058877 0.706528
0 0.412142 0.774464 0.036232 0.067935 0.706528
0 0.439316 0.615948 0.036232 0.086052 0.706528
0 0.692941 0.606890 0.031703 0.072464 0.706528
0 0.135871 0.774464 0.027174 0.058877 0.706528
0 0.860515 0.285329 0.036232 0.072464 0.643122
0 0.258155 0.371380 0.031703 0.063406 0.643122
0 0.489135 0.375909 0.027174 0.058877 0.643122
0 0.819754 0.371380 0.031703 0.067935 0.643122
0 0.172103 0.538954 0.036232 0.063406 0.643122
0 0.661238 0.774464 0.031703 0.072464 0.643122
0 0.701999 0.769935 0.040761 0.081523 0.643122
0 0.294387 0.280800 0.036232 0.072464 0.643122
0 0.606890 0.525367 0.027174 0.058877 0.643122
0 0.611419 0.525367 0.022645 0.058877 0.643122
0 0.860515 0.629535 0.031703 0.072464 0.643122
0 0.135871 0.620477 0.027174 0.063406 0.643122
0 0.217393 0.774464 0.031703 0.058877 0.643122
0 0.131342 0.285329 0.031703 0.054348 0.575187
0 0.602361 0.371380 0.036232 0.063406 0.575187
0 0.602361 0.375909 0.027174 0.058877 0.575187
0 0.742761 0.778993 0.036232 0.067935 0.575187
0 0.724645 0.271742 0.031703 0.049819 0.575187
0 0.774464 0.529896 0.027174 0.054348 0.575187
0 0.561599 0.525367 0.022645 0.063406 0.575187
0 0.335148 0.774464 0.027174 0.067935 0.575187
0 0.534425 0.774464 0.022645 0.067935 0.575187
0 0.774464 0.375909 0.031703 0.063406 0.502722
0 0.339677 0.611419 0.031703 0.054348 0.502722
0 0.484606 0.276271 0.018116 0.058877 0.502722
0 0.489135 0.366851 0.022645 0.058877 0.502722
0 0.679354 0.366851 0.036232 0.063406 0.502722
0 0.131342 0.543483 0.036232 0.058877 0.502722
0 0.339677 0.615948 0.018116 0.058877 0.502722
0 0.457432 0.778993 0.027174 0.063406 0.502722
0 0.860515 0.357793 0.036232 0.063406 0.425729
0 0.480077 0.516309 0.031703 0.049819 0.425729
0 0.566129 0.529896 0.036232 0.063406 0.425729
0 0.380438 0.615948 0.027174 0.045290 0.425729
0 0.249097 0.769935 0.036232 0.063406 0.425729
0 0.339677 0.362322 0.036232 0.072464 0.425729
0 0.249097 0.611419 0.027174 0.067935 0.425729
0 0.815225 0.615948 0.031703 0.072464 0.425729
0 0.819754 0.262684 0.040761 0.045290 0.357793
0 0.534425 0.611419 0.027174 0.081522 0.357793
0 0.489135 0.774464 0.027174 0.076994 0.357793
0 0.575187 0.769935 0.027174 0.049819 0.357793
0 0.126813 0.538954 0.031703 0.058877 0.294387
0 0.855986 0.362322 0.031703 0.067935 0.294387
