0 0.552541 0.647651 0.081523 0.081523 0.851457
0 0.769935 0.647651 0.081523 0.076993 0.851457
0 0.348735 0.217393 0.072464 0.054348 0.815225
0 0.471019 0.326090 0.081522 0.072464 0.815225
0 0.697470 0.344206 0.072464 0.072464 0.815225
0 0.253626 0.375909 0.072464 0.063406 0.815225
0 0.516309 0.398554 0.049819 0.058877 0.815225
0 0.679354 0.412142 0.045290 0.058877 0.815225
0 0.828812 0.421200 0.049819 0.063406 0.815225
0 0.285329 0.570658 0.049819 0.095110 0.815225
0 0.344206 0.575187 0.045290 0.081523 0.815225
0 0.398554 0.575187 0.045290 0.081523 0.815225
0 0.611419 0.570658 0.058877 0.099639 0.815225
0 0.778993 0.566129 0.054348 0.081523 0.815225
0 0.883160 0.575187 0.049819 0.081523 0.815225
0 0.896748 0.652180 0.067935 0.067935 0.815225
0 0.674825 0.244568 0.126813 0.063406 0.815225
0 0.751819 0.357793 0.072464 0.067935 0.815225
0 0.253626 0.661238 0.086052 0.086052 0.815225
0 0.958564 0.330619 0.082872 0.049819 0.760877
0 0.910335 0.366851 0.081523 0.058877 0.760877
0 0.153987 0.516309 0.086052 0.067935 0.760877
0 0.040761 0.566129 0.081523 0.049819 0.760877
0 0.507251 0.570658 0.049819 0.081523 0.760877
0 0.942038 0.579716 0.054348 0.081523 0.760877
0 0.615948 0.656709 0.072464 0.072464 0.760877
0 0.176632 0.656709 0.095110 0.081523 0.760877
0 0.665767 0.778993 0.072464 0.081523 0.760877
0 0.615948 0.344206 0.081523 0.067935 0.760877
0 0.457432 0.575187 0.045290 0.086052 0.760877
0 0.792580 0.792580 0.090581 0.090581 0.760877
0 0.172103 0.307974 0.067935 0.063406 0.706528
0 0.344206 0.321561 0.072464 0.058877 0.706528
0 0.412142 0.394025 0.054348 0.076993 0.706528
0 0.625006 0.407613 0.049819 0.067935 0.706528
0 0.760877 0.425729 0.049819 0.067935 0.706528
0 0.149458 0.552541 0.099639 0.058877 0.706528
0 0.452903 0.566129 0.049819 0.086052 0.706528
0 0.439316 0.792580 0.058877 0.076994 0.706528
0 0.561599 0.788051 0.076993 0.086052 0.706528
0 0.806167 0.357793 0.067935 0.081523 0.706528
0 0.058877 0.489135 0.099639 0.036232 0.706528
0 0.040761 0.606890 0.081523 0.040761 0.706528
0 0.330619 0.670296 0.081523 0.081523 0.706528
0 0.403084 0.661238 0.076993 0.076993 0.706528
0 0.566129 0.412142 0.054348 0.063406 0.643122
0 0.887689 0.434787 0.045290 0.063406 0.643122
0 0.561599 0.235509 0.063406 0.058877 0.643122
0 0.878631 0.253626 0.117755 0.076993 0.643122
0 0.172103 0.792580 0.076993 0.076994 0.643122
0 0.049819 0.520838 0.099639 0.049819 0.575187
0 0.901277 0.661238 0.067935 0.072464 0.575187
0 0.076993 0.366851 0.054348 0.049819 0.575187
0 0.158516 0.552541 0.086052 0.049819 0.575187
0 0.126813 0.656709 0.140400 0.081523 0.575187
0 0.126813 0.366851 0.063406 0.063406 0.425729
0 0.235509 0.579716 0.049819 0.081523 0.425729
0 0.973283 0.258155 0.053433 0.067935 0.425729
0 0.701999 0.244568 0.072464 0.063406 0.357793
0 0.104168 0.656709 0.099639 0.072464 0.357793
0 0.543483 0.335148 0.072464 0.054348 0.294387
0 0.298916 0.792580 0.067935 0.076994 0.294387
