0 0.683883 0.357793 0.099639 0.045290 0.887690
0 0.584245 0.276271 0.104168 0.054348 0.851457
0 0.176632 0.276271 0.122284 0.058877 0.851457
0 0.819754 0.353264 0.113226 0.054348 0.851457
0 0.063406 0.366851 0.095110 0.045290 0.851457
0 0.963093 0.366851 0.073814 0.049819 0.851457
0 0.507251 0.461961 0.104168 0.049819 0.851457
0 0.652180 0.461961 0.099639 0.045290 0.851457
0 0.190219 0.448374 0.104168 0.049819 0.851457
0 0.348735 0.552541 0.117755 0.045290 0.851457
0 0.914864 0.452903 0.108697 0.049819 0.851457
0 0.394025 0.280800 0.113226 0.049819 0.815225
0 0.778993 0.271742 0.113226 0.054348 0.815225
0 0.022645 0.298916 0.045290 0.040761 0.815225
0 0.199277 0.362322 0.113226 0.045290 0.815225
0 0.548012 0.366851 0.104168 0.045290 0.815225
0 0.778993 0.461961 0.104168 0.045290 0.815225
0 0.507251 0.652180 0.081523 0.040761 0.815225
0 0.258155 0.679354 0.104168 0.054348 0.815225
0 0.362322 0.362322 0.122284 0.049819 0.815225
0 0.362322 0.471019 0.158516 0.067935 0.815225
0 0.031703 0.620477 0.058877 0.045290 0.760877
0 0.760877 0.738232 0.117755 0.040761 0.760877
0 0.027174 0.303445 0.040761 0.045290 0.706528
0 0.027174 0.452903 0.049819 0.036232 0.706528
0 0.991400 0.280800 0.017201 0.040761 0.575187
0 0.991857 0.276271 0.013587 0.045290 0.294387
