0 0.072464 0.249097 0.140400 0.054348 0.851457
0 0.502722 0.249097 0.149458 0.067935 0.851457
0 0.747290 0.244568 0.144929 0.063406 0.851457
0 0.946109 0.240038 0.107782 0.058877 0.851457
0 0.135871 0.330619 0.176632 0.081523 0.851457
0 0.869573 0.353264 0.131342 0.081523 0.851457
0 0.484606 0.375909 0.158516 0.072464 0.851457
0 0.788051 0.461961 0.167574 0.072464 0.851457
0 0.688412 0.566129 0.144929 0.058877 0.851457
0 0.276271 0.240038 0.144929 0.045290 0.815225
0 0.597832 0.471019 0.163045 0.067935 0.815225
0 0.887689 0.552541 0.153987 0.072464 0.815225
0 0.964225 0.439316 0.071549 0.072464 0.760877
0 0.688412 0.380438 0.158516 0.067935 0.760877
0 0.312503 0.421200 0.158516 0.086052 0.760877
