0 0.398554 0.701999 0.058877 0.031703 0.887690
0 0.452903 0.289858 0.022645 0.063406 0.851457
0 0.520838 0.298916 0.031703 0.063406 0.851457
0 0.348735 0.298916 0.027174 0.058877 0.851457
0 0.240038 0.298916 0.027174 0.058877 0.851457
0 0.484606 0.294387 0.027174 0.058877 0.851457
0 0.208335 0.448374 0.031703 0.067935 0.851457
0 0.412142 0.480077 0.040761 0.049819 0.851457
0 0.674825 0.575187 0.031703 0.058877 0.851457
0 0.570658 0.656709 0.058877 0.031703 0.851457
0 0.326090 0.683883 0.067935 0.031703 0.851457
0 0.720115 0.692941 0.067935 0.040761 0.851457
0 0.729174 0.692941 0.063406 0.036232 0.851457
0 0.738232 0.294387 0.031703 0.049819 0.815225
0 0.670296 0.298916 0.027174 0.063406 0.815225
0 0.896748 0.298916 0.040761 0.054348 0.815225
0 0.892218 0.294387 0.031703 0.058877 0.815225
0 0.855986 0.434787 0.063406 0.027174 0.815225
0 0.253626 0.457432 0.040761 0.067935 0.815225
0 0.307974 0.593303 0.067935 0.036232 0.815225
0 0.756348 0.597832 0.040761 0.086052 0.815225
0 0.516309 0.615948 0.058877 0.031703 0.815225
0 0.384967 0.615948 0.063406 0.031703 0.815225
0 0.466490 0.643122 0.063406 0.036232 0.815225
0 0.869573 0.638593 0.031703 0.063406 0.815225
0 0.566129 0.652180 0.054348 0.027174 0.815225
0 0.724645 0.697470 0.067935 0.036232 0.815225
0 0.815225 0.715586 0.058877 0.036232 0.815225
0 0.810696 0.711057 0.067935 0.040761 0.815225
0 0.575187 0.742761 0.063406 0.040761 0.815225
0 0.452903 0.289858 0.036232 0.063406 0.760877
0 0.634064 0.289858 0.027174 0.058877 0.760877
0 0.706528 0.298916 0.031703 0.058877 0.760877
0 0.896748 0.294387 0.031703 0.054348 0.760877
0 0.371380 0.484606 0.036232 0.058877 0.760877
0 0.407613 0.484606 0.036232 0.054348 0.760877
0 0.480077 0.511780 0.031703 0.049819 0.760877
0 0.235509 0.575187 0.063406 0.036232 0.760877
0 0.434787 0.588774 0.063406 0.031703 0.760877
0 0.801638 0.625006 0.027174 0.054348 0.760877
0 0.865044 0.638593 0.027174 0.058877 0.760877
0 0.788051 0.806167 0.058877 0.031703 0.760877
0 0.321561 0.679354 0.072464 0.027174 0.760877
0 0.665767 0.294387 0.027174 0.067935 0.706528
0 0.742761 0.289858 0.027174 0.049819 0.706528
0 0.806167 0.298916 0.027174 0.063406 0.706528
0 0.484606 0.516309 0.031703 0.054348 0.706528
0 0.629535 0.570658 0.036232 0.067935 0.706528
0 0.851457 0.484606 0.063406 0.027174 0.706528
0 0.425729 0.593303 0.063406 0.031703 0.706528
0 0.502722 0.724645 0.067935 0.031703 0.706528
0 0.507251 0.729174 0.063406 0.036232 0.706528
0 0.783522 0.801638 0.054348 0.027174 0.706528
0 0.855986 0.810696 0.063406 0.036232 0.643122
0 0.212864 0.443845 0.031703 0.063406 0.643122
0 0.412142 0.489135 0.036232 0.054348 0.643122
0 0.797109 0.625006 0.027174 0.049819 0.643122
0 0.883160 0.733703 0.063406 0.027174 0.643122
0 0.176632 0.303445 0.031703 0.058877 0.575187
0 0.104168 0.199277 0.031703 0.058877 0.575187
0 0.706528 0.298916 0.018116 0.054348 0.575187
0 0.538954 0.529896 0.036232 0.095110 0.575187
0 0.629535 0.289858 0.031703 0.063406 0.502722
0 0.529896 0.298916 0.027174 0.058877 0.502722
0 0.634064 0.298916 0.031703 0.063406 0.502722
0 0.711057 0.303445 0.027174 0.054348 0.425729
0 0.280800 0.298916 0.031703 0.067935 0.357793
0 0.353264 0.294387 0.027174 0.058877 0.294387
