0 0.412142 0.326090 0.104168 0.045290 0.851457
0 0.602361 0.321561 0.117755 0.049819 0.851457
0 0.403084 0.493664 0.108697 0.049819 0.851457
0 0.226451 0.498193 0.113226 0.054348 0.851457
0 0.593303 0.498193 0.108697 0.054348 0.851457
0 0.963093 0.511780 0.073814 0.049819 0.851457
0 0.878631 0.335148 0.117755 0.045290 0.851457
0 0.892218 0.407613 0.113226 0.045290 0.851457
0 0.434787 0.421200 0.117755 0.054348 0.851457
0 0.235509 0.326090 0.113226 0.045290 0.815225
0 0.045290 0.403084 0.086052 0.049819 0.815225
0 0.031703 0.489135 0.058877 0.049819 0.815225
0 0.055481 0.330619 0.110961 0.054348 0.815225
0 0.751819 0.326090 0.108697 0.045290 0.815225
0 0.235509 0.403084 0.172103 0.081523 0.815225
0 0.738232 0.398554 0.131342 0.054348 0.815225
0 0.579716 0.421200 0.095110 0.054348 0.815225
0 0.769935 0.502722 0.149458 0.067935 0.815225
