0 0.688412 0.688412 0.095110 0.063406 0.851457
0 0.543483 0.317032 0.104168 0.063406 0.851457
0 0.783522 0.344206 0.122284 0.095110 0.851457
0 0.747290 0.439316 0.099639 0.072464 0.851457
0 0.394025 0.733703 0.099639 0.049819 0.851457
0 0.289858 0.348735 0.113226 0.049819 0.815225
0 0.502722 0.611419 0.108697 0.063406 0.815225
0 0.058877 0.751819 0.104168 0.045290 0.815225
0 0.149458 0.421200 0.117755 0.054348 0.760877
0 0.511780 0.412142 0.099639 0.054348 0.760877
0 0.045290 0.507251 0.086052 0.036232 0.706528
0 0.267213 0.516309 0.153987 0.067935 0.706528
0 0.009058 0.647651 0.013587 0.058877 0.357793
