0 0.09735576923076923 0.8401442307692307 0.11778846153846154 0.055288461538461536
0 0.11899038461538461 0.9182692307692307 0.1045673076923077 0.04807692307692308
0 0.2668269230769231 0.9302884615384616 0.11778846153846154 0.051682692307692304
0 0.2860576923076923 0.8521634615384616 0.11298076923076923 0.051682692307692304
0 0.4855769230769231 0.8810096153846154 0.09495192307692307 0.052884615384615384
0 0.5637019230769231 0.8137019230769231 0.11778846153846154 0.06129807692307692
0 0.7007211538461539 0.8257211538461539 0.1045673076923077 0.04807692307692308
0 0.8245192307692307 0.9206730769230769 0.12139423076923077 0.05889423076923077
0 0.8810096153846154 0.6454326923076923 0.1875 0.0625
0 0.9663461538461539 0.875 0.0673076923076923 0.056490384615384616
0 0.09254807692307693 0.7644230769230769 0.17067307692307693 0.06490384615384616