0 0.09975961538461539 0.8449519230769231 0.11778846153846154 0.052884615384615384
0 0.2848557692307692 0.8545673076923077 0.11057692307692307 0.056490384615384616
0 0.44350961538461536 0.8774038461538461 0.10336538461538461 0.055288461538461536
0 0.27163461538461536 0.9338942307692307 0.11778846153846154 0.052884615384615384
0 0.12139423076923077 0.9206730769230769 0.1045673076923077 0.051682692307692304
0 0.6995192307692307 0.9098557692307693 0.125 0.055288461538461536
0 0.5637019230769231 0.8185096153846154 0.11298076923076923 0.055288461538461536
0 0.703125 0.8305288461538461 0.10576923076923077 0.04807692307692308
0 0.8713942307692307 0.8641826923076923 0.109375 0.05889423076923077
0 0.9086538461538461 0.9350961538461539 0.13221153846153846 0.06370192307692307
0 0.09375 0.7668269230769231 0.17067307692307693 0.0673076923076923
0 0.8846153846153846 0.6490384615384616 0.18629807692307693 0.06490384615384616