0 0.055288461538461536 0.1875 0.09375 0.04326923076923077
0 0.22596153846153846 0.12379807692307693 0.09375 0.040865384615384616
0 0.45913461538461536 0.10216346153846154 0.0829326923076923 0.038461538461538464
0 0.2980769230769231 0.28725961538461536 0.08413461538461539 0.08653846153846154
0 0.5552884615384616 0.34134615384615385 0.051682692307692304 0.0889423076923077
0 0.6286057692307693 0.21514423076923078 0.07692307692307693 0.07211538461538461
0 0.36177884615384615 0.5168269230769231 0.051682692307692304 0.10576923076923077
0 0.47475961538461536 0.4639423076923077 0.042067307692307696 0.08173076923076923
0 0.47716346153846156 0.6286057692307693 0.042067307692307696 0.09975961538461539
0 0.4879807692307692 0.7632211538461539 0.042067307692307696 0.11057692307692307
0 0.4963942307692308 0.9242788461538461 0.056490384615384616 0.12980769230769232
0 0.6935096153846154 0.06971153846153846 0.1141826923076923 0.06129807692307692
0 0.38461538461538464 0.9170673076923077 0.057692307692307696 0.1658653846153846