0 0.3629807692307692 0.6370192307692307 0.12980769230769232 0.057692307692307696
0 0.36778846153846156 0.7259615384615384 0.14182692307692307 0.06850961538461539
0 0.3425480769230769 0.8233173076923077 0.12139423076923077 0.056490384615384616
0 0.49399038461538464 0.8341346153846154 0.12139423076923077 0.056490384615384616
0 0.5348557692307693 0.7644230769230769 0.12860576923076922 0.0625
0 0.6550480769230769 0.6899038461538461 0.15144230769230768 0.0673076923076923
0 0.6995192307692307 0.7716346153846154 0.12620192307692307 0.05889423076923077
0 0.4987980769230769 0.6586538461538461 0.11298076923076923 0.06129807692307692
0 0.8245192307692307 0.7055288461538461 0.12860576923076922 0.06370192307692307
0 0.8798076923076923 0.8040865384615384 0.140625 0.0673076923076923
0 0.6646634615384616 0.8605769230769231 0.125 0.06129807692307692
0 0.9026442307692307 0.8954326923076923 0.19471153846153846 0.08413461538461539