0 0.6634615384615384 0.6802884615384616 0.078125 0.037259615384615384
0 0.10576923076923077 0.5564903846153846 0.08413461538461539 0.036057692307692304
0 0.2283653846153846 0.5612980769230769 0.0733173076923077 0.037259615384615384
0 0.11899038461538461 0.4963942307692308 0.10096153846153846 0.042067307692307696
0 0.23317307692307693 0.4375 0.0889423076923077 0.046875
0 0.4651442307692308 0.4495192307692308 0.08774038461538461 0.04326923076923077
0 0.6189903846153846 0.4543269230769231 0.09375 0.04807692307692308
0 0.7199519230769231 0.45913461538461536 0.05889423076923077 0.040865384615384616
0 0.8413461538461539 0.45913461538461536 0.0829326923076923 0.037259615384615384
0 0.9783653846153846 0.41586538461538464 0.04326923076923077 0.036057692307692304
0 0.8822115384615384 0.41225961538461536 0.08173076923076923 0.03485576923076923
0 0.7848557692307693 0.40865384615384615 0.07451923076923077 0.036057692307692304
0 0.6923076923076923 0.4074519230769231 0.07211538461538461 0.036057692307692304
0 0.5925480769230769 0.4050480769230769 0.0673076923076923 0.038461538461538464
0 0.4987980769230769 0.4026442307692308 0.0733173076923077 0.036057692307692304
0 0.4050480769230769 0.39783653846153844 0.06610576923076923 0.036057692307692304
0 0.3137019230769231 0.3954326923076923 0.07692307692307693 0.03485576923076923