0 0.038461538461538464 0.5336538461538461 0.07692307692307693 0.04567307692307692
0 0.8377403846153846 0.19591346153846154 0.03485576923076923 0.06370192307692307
0 0.8052884615384616 0.8245192307692307 0.0733173076923077 0.042067307692307696
0 0.8942307692307693 0.8257211538461539 0.07451923076923077 0.042067307692307696
0 0.9807692307692307 0.8293269230769231 0.038461538461538464 0.040865384615384616
0 0.5661057692307693 0.5072115384615384 0.07932692307692307 0.038461538461538464
0 0.4879807692307692 0.5060096153846154 0.0673076923076923 0.040865384615384616
0 0.3942307692307692 0.4987980769230769 0.08653846153846154 0.055288461538461536
0 0.28846153846153844 0.5024038461538461 0.0829326923076923 0.042067307692307696
0 0.20192307692307693 0.4951923076923077 0.05048076923076923 0.037259615384615384
0 0.11298076923076923 0.49158653846153844 0.0673076923076923 0.036057692307692304
0 0.025240384615384616 0.48677884615384615 0.05048076923076923 0.04567307692307692