0 0.4951923076923077 0.8064903846153846 0.046875 0.08173076923076923
0 0.9230769230769231 0.6862980769230769 0.09495192307692307 0.04326923076923077
0 0.11057692307692307 0.5853365384615384 0.0889423076923077 0.042067307692307696
0 0.23317307692307693 0.5901442307692307 0.07211538461538461 0.038461538461538464
0 0.12139423076923077 0.5240384615384616 0.09495192307692307 0.04567307692307692
0 0.23918269230769232 0.4651442307692308 0.08774038461538461 0.055288461538461536
0 0.4699519230769231 0.48197115384615385 0.08653846153846154 0.042067307692307696
0 0.6237980769230769 0.4855769230769231 0.09254807692307693 0.051682692307692304
0 0.84375 0.49278846153846156 0.08173076923076923 0.038461538461538464
0 0.9807692307692307 0.4495192307692308 0.038461538461538464 0.046875
0 0.8882211538461539 0.44471153846153844 0.07932692307692307 0.038461538461538464
0 0.7872596153846154 0.44350961538461536 0.07451923076923077 0.038461538461538464
0 0.6947115384615384 0.43990384615384615 0.07211538461538461 0.042067307692307696
0 0.5961538461538461 0.43509615384615385 0.06370192307692307 0.042067307692307696
0 0.5024038461538461 0.4326923076923077 0.0733173076923077 0.040865384615384616
0 0.4074519230769231 0.42788461538461536 0.0625 0.040865384615384616
0 0.3161057692307692 0.4230769230769231 0.06971153846153846 0.037259615384615384
0 0.5012019230769231 0.6947115384615384 0.07211538461538461 0.040865384615384616