0 0.07451923076923077 0.7283653846153846 0.09014423076923077 0.040865384615384616
0 0.14302884615384615 0.19110576923076922 0.07692307692307693 0.07692307692307693
0 0.1141826923076923 0.7740384615384616 0.09375 0.038461538461538464
0 0.22355769230769232 0.7776442307692307 0.08413461538461539 0.037259615384615384
0 0.3137019230769231 0.7824519230769231 0.07211538461538461 0.037259615384615384
0 0.8497596153846154 0.7932692307692307 0.07451923076923077 0.040865384615384616
0 0.9495192307692307 0.46634615384615385 0.0829326923076923 0.03245192307692308
0 0.8413461538461539 0.46274038461538464 0.07692307692307693 0.03485576923076923
0 0.7403846153846154 0.4579326923076923 0.06850961538461539 0.037259615384615384
0 0.6394230769230769 0.4543269230769231 0.0889423076923077 0.046875
0 0.5216346153846154 0.4543269230769231 0.0673076923076923 0.036057692307692304
0 0.4050480769230769 0.45072115384615385 0.0829326923076923 0.038461538461538464
0 0.1346153846153846 0.44471153846153844 0.078125 0.036057692307692304