0 0.1502403846153846 0.25240384615384615 0.07932692307692307 0.07932692307692307
0 0.11899038461538461 0.8137019230769231 0.09254807692307693 0.04326923076923077
0 0.23076923076923078 0.8197115384615384 0.0829326923076923 0.04567307692307692
0 0.31971153846153844 0.8245192307692307 0.06971153846153846 0.04326923076923077
0 0.9543269230769231 0.5252403846153846 0.08173076923076923 0.04567307692307692
0 0.8473557692307693 0.5216346153846154 0.07692307692307693 0.04567307692307692
0 0.7463942307692307 0.5192307692307693 0.06850961538461539 0.04326923076923077
0 0.6442307692307693 0.5120192307692307 0.0889423076923077 0.051682692307692304
0 0.5264423076923077 0.5096153846153846 0.07451923076923077 0.04326923076923077
0 0.41225961538461536 0.5084134615384616 0.07932692307692307 0.038461538461538464
0 0.140625 0.49759615384615385 0.07451923076923077 0.04567307692307692