0 0.14182692307692307 0.1971153846153846 0.07451923076923077 0.07932692307692307
0 0.11298076923076923 0.7788461538461539 0.09254807692307693 0.036057692307692304
0 0.22355769230769232 0.7836538461538461 0.08413461538461539 0.036057692307692304
0 0.3137019230769231 0.7884615384615384 0.06971153846153846 0.036057692307692304
0 0.8509615384615384 0.8004807692307693 0.06971153846153846 0.038461538461538464
0 0.9495192307692307 0.4723557692307692 0.0829326923076923 0.036057692307692304
0 0.8401442307692307 0.4699519230769231 0.078125 0.03485576923076923
0 0.7403846153846154 0.4651442307692308 0.06850961538461539 0.037259615384615384
0 0.6382211538461539 0.46274038461538464 0.0889423076923077 0.046875
0 0.5216346153846154 0.46033653846153844 0.0673076923076923 0.036057692307692304
0 0.4050480769230769 0.4579326923076923 0.08413461538461539 0.037259615384615384
0 0.1346153846153846 0.4519230769230769 0.07451923076923077 0.03485576923076923