0 0.9495192307692307 0.6550480769230769 0.07692307692307693 0.042067307692307696
0 0.09735576923076923 0.5408653846153846 0.08653846153846154 0.03245192307692308
0 0.23076923076923078 0.5420673076923077 0.07211538461538461 0.037259615384615384
0 0.10697115384615384 0.4807692307692308 0.0985576923076923 0.042067307692307696
0 0.23557692307692307 0.4206730769230769 0.09014423076923077 0.04326923076923077
0 0.4651442307692308 0.43028846153846156 0.08653846153846154 0.037259615384615384
0 0.6225961538461539 0.43149038461538464 0.09254807692307693 0.042067307692307696
0 0.7211538461538461 0.4362980769230769 0.06129807692307692 0.042067307692307696
0 0.8425480769230769 0.4362980769230769 0.0829326923076923 0.037259615384615384
0 0.9783653846153846 0.3918269230769231 0.042067307692307696 0.036057692307692304
0 0.8846153846153846 0.3894230769230769 0.0829326923076923 0.03125
0 0.7860576923076923 0.3858173076923077 0.07451923076923077 0.03125
0 0.6911057692307693 0.3870192307692308 0.06971153846153846 0.03125
0 0.5949519230769231 0.38341346153846156 0.06370192307692307 0.03245192307692308
0 0.5012019230769231 0.38100961538461536 0.0733173076923077 0.036057692307692304
0 0.4074519230769231 0.37740384615384615 0.06370192307692307 0.03245192307692308
0 0.31490384615384615 0.3762019230769231 0.0733173076923077 0.03245192307692308