0 0.040865384615384616 0.23317307692307693 0.078125 0.07692307692307693
0 0.028846153846153848 0.8052884615384616 0.057692307692307696 0.042067307692307696
0 0.1201923076923077 0.8112980769230769 0.08774038461538461 0.042067307692307696
0 0.21153846153846154 0.8161057692307693 0.06971153846153846 0.038461538461538464
0 0.7403846153846154 0.8317307692307693 0.0829326923076923 0.038461538461538464
0 0.9375 0.5132211538461539 0.07451923076923077 0.042067307692307696
0 0.8473557692307693 0.5096153846153846 0.08173076923076923 0.04326923076923077
0 0.7403846153846154 0.5060096153846154 0.07932692307692307 0.038461538461538464
0 0.6370192307692307 0.5012019230769231 0.06850961538461539 0.038461538461538464
0 0.5384615384615384 0.49759615384615385 0.0889423076923077 0.051682692307692304
0 0.4206730769230769 0.49399038461538464 0.07211538461538461 0.038461538461538464
0 0.30408653846153844 0.49278846153846156 0.0829326923076923 0.042067307692307696
0 0.036057692307692304 0.4831730769230769 0.07211538461538461 0.042067307692307696