0 0.03245192307692308 0.4423076923076923 0.06370192307692307 0.040865384615384616
0 0.8197115384615384 0.06971153846153846 0.040865384615384616 0.078125
0 0.7920673076923077 0.7512019230769231 0.07451923076923077 0.038461538461538464
0 0.8810096153846154 0.7536057692307693 0.07692307692307693 0.037259615384615384
0 0.5540865384615384 0.4026442307692308 0.07692307692307693 0.03125
0 0.4735576923076923 0.4050480769230769 0.06850961538461539 0.03485576923076923
0 0.38100961538461536 0.40024038461538464 0.08653846153846154 0.040865384615384616
0 0.27403846153846156 0.39903846153846156 0.07932692307692307 0.036057692307692304
0 0.18629807692307693 0.39903846153846156 0.051682692307692304 0.03485576923076923
0 0.09735576923076923 0.3942307692307692 0.0673076923076923 0.03125
0 0.8942307692307693 0.6550480769230769 0.06850961538461539 0.036057692307692304