0 0.5709134615384616 0.7019230769230769 0.07932692307692307 0.06370192307692307
0 0.11057692307692307 0.5661057692307693 0.08653846153846154 0.038461538461538464
0 0.23197115384615385 0.5697115384615384 0.0733173076923077 0.040865384615384616
0 0.12259615384615384 0.5072115384615384 0.0985576923076923 0.04567307692307692
0 0.23798076923076922 0.44711538461538464 0.0889423076923077 0.04807692307692308
0 0.4699519230769231 0.46274038461538464 0.08413461538461539 0.040865384615384616
0 0.6225961538461539 0.46153846153846156 0.09495192307692307 0.04807692307692308
0 0.7223557692307693 0.4699519230769231 0.06610576923076923 0.037259615384615384
0 0.8461538461538461 0.4723557692307692 0.0829326923076923 0.038461538461538464
0 0.9807692307692307 0.42788461538461536 0.038461538461538464 0.037259615384615384
0 0.8882211538461539 0.42427884615384615 0.07932692307692307 0.036057692307692304
0 0.7896634615384616 0.421875 0.07932692307692307 0.03485576923076923
0 0.6947115384615384 0.4170673076923077 0.07211538461538461 0.040865384615384616
0 0.5973557692307693 0.41586538461538464 0.06610576923076923 0.040865384615384616
0 0.5036057692307693 0.41225961538461536 0.07451923076923077 0.038461538461538464
0 0.4098557692307692 0.4074519230769231 0.0625 0.037259615384615384
0 0.3173076923076923 0.4050480769230769 0.07211538461538461 0.040865384615384616