0 0.040865384615384616 0.20552884615384615 0.0733173076923077 0.0733173076923077
0 0.030048076923076924 0.7824519230769231 0.06009615384615385 0.040865384615384616
0 0.12259615384615384 0.7884615384615384 0.08653846153846154 0.038461538461538464
0 0.2127403846153846 0.7932692307692307 0.07451923076923077 0.038461538461538464
0 0.7487980769230769 0.8052884615384616 0.0733173076923077 0.038461538461538464
0 0.9411057692307693 0.484375 0.07451923076923077 0.037259615384615384
0 0.8497596153846154 0.4795673076923077 0.0829326923076923 0.03485576923076923
0 0.7403846153846154 0.47716346153846156 0.07932692307692307 0.036057692307692304
0 0.6394230769230769 0.4723557692307692 0.07211538461538461 0.037259615384615384
0 0.5396634615384616 0.46875 0.0889423076923077 0.046875
0 0.4206730769230769 0.4675480769230769 0.07211538461538461 0.038461538461538464
0 0.30528846153846156 0.46274038461538464 0.08413461538461539 0.038461538461538464
0 0.036057692307692304 0.4543269230769231 0.07211538461538461 0.037259615384615384