0 0.4987980769230769 0.8786057692307693 0.040865384615384616 0.08173076923076923
0 0.3137019230769231 0.7043269230769231 0.09735576923076923 0.055288461538461536
0 0.7199519230769231 0.7463942307692307 0.0889423076923077 0.051682692307692304
0 0.11899038461538461 0.5985576923076923 0.08774038461538461 0.046875
0 0.2403846153846154 0.6045673076923077 0.06971153846153846 0.04326923076923077
0 0.12860576923076922 0.5384615384615384 0.0985576923076923 0.046875
0 0.24639423076923078 0.4795673076923077 0.08774038461538461 0.056490384615384616
0 0.47596153846153844 0.5 0.08413461538461539 0.046875
0 0.6322115384615384 0.5024038461538461 0.09254807692307693 0.051682692307692304
0 0.7307692307692307 0.5096153846153846 0.0625 0.038461538461538464
0 0.8509615384615384 0.5132211538461539 0.0889423076923077 0.042067307692307696
0 0.8978365384615384 0.4651442307692308 0.07932692307692307 0.042067307692307696
0 0.7980769230769231 0.46153846153846156 0.0733173076923077 0.042067307692307696
0 0.703125 0.4567307692307692 0.07451923076923077 0.046875
0 0.6057692307692307 0.453125 0.06850961538461539 0.046875
0 0.5108173076923077 0.4495192307692308 0.07451923076923077 0.040865384615384616
0 0.4170673076923077 0.44471153846153844 0.0625 0.04567307692307692
0 0.3245192307692308 0.43990384615384615 0.07211538461538461 0.042067307692307696