0 0.03245192307692308 0.4567307692307692 0.06370192307692307 0.038461538461538464
0 0.8233173076923077 0.08413461538461539 0.040865384615384616 0.0733173076923077
0 0.7956730769230769 0.7560096153846154 0.07451923076923077 0.037259615384615384
0 0.8822115384615384 0.7584134615384616 0.07451923076923077 0.036057692307692304
0 0.9759615384615384 0.7596153846153846 0.046875 0.037259615384615384
0 0.5540865384615384 0.4206730769230769 0.07932692307692307 0.03245192307692308
0 0.47475961538461536 0.4206730769230769 0.06971153846153846 0.036057692307692304
0 0.38100961538461536 0.4170673076923077 0.08774038461538461 0.040865384615384616
0 0.27403846153846156 0.4182692307692308 0.07932692307692307 0.03485576923076923
0 0.1875 0.41346153846153844 0.05048076923076923 0.03485576923076923
0 0.09975961538461539 0.4098557692307692 0.06850961538461539 0.03245192307692308
0 0.5588942307692307 0.6598557692307693 0.07211538461538461 0.037259615384615384