0 0.040865384615384616 0.6622596153846154 0.08173076923076923 0.040865384615384616
0 0.2980769230769231 0.7151442307692307 0.09375 0.04326923076923077
0 0.037259615384615384 0.16947115384615385 0.0733173076923077 0.0733173076923077
0 0.028846153846153848 0.7596153846153846 0.057692307692307696 0.038461538461538464
0 0.11899038461538461 0.7608173076923077 0.08774038461538461 0.037259615384615384
0 0.2091346153846154 0.7668269230769231 0.06971153846153846 0.036057692307692304
0 0.7463942307692307 0.7752403846153846 0.06971153846153846 0.038461538461538464
0 0.8365384615384616 0.7764423076923077 0.06129807692307692 0.03485576923076923
0 0.9350961538461539 0.44711538461538464 0.07692307692307693 0.036057692307692304
0 0.8425480769230769 0.44471153846153844 0.0829326923076923 0.036057692307692304
0 0.7367788461538461 0.4423076923076923 0.07932692307692307 0.03485576923076923
0 0.6346153846153846 0.4387019230769231 0.06850961538461539 0.038461538461538464
0 0.5348557692307693 0.4375 0.09014423076923077 0.040865384615384616
0 0.41586538461538464 0.43509615384615385 0.06850961538461539 0.036057692307692304
0 0.29927884615384615 0.43149038461538464 0.0829326923076923 0.037259615384615384
0 0.03365384615384615 0.4266826923076923 0.0673076923076923 0.03485576923076923