0 0.040865384615384616 0.2247596153846154 0.07692307692307693 0.07451923076923077
0 0.028846153846153848 0.796875 0.057692307692307696 0.040865384615384616
0 0.12139423076923077 0.8040865384615384 0.08653846153846154 0.042067307692307696
0 0.21153846153846154 0.8076923076923077 0.06971153846153846 0.037259615384615384
0 0.7427884615384616 0.8221153846153846 0.07692307692307693 0.042067307692307696
0 0.9387019230769231 0.5036057692307693 0.0733173076923077 0.040865384615384616
0 0.8461538461538461 0.4987980769230769 0.0829326923076923 0.040865384615384616
0 0.7403846153846154 0.4963942307692308 0.07932692307692307 0.038461538461538464
0 0.6370192307692307 0.49158653846153844 0.06850961538461539 0.038461538461538464
0 0.5372596153846154 0.4879807692307692 0.0889423076923077 0.051682692307692304
0 0.4206730769230769 0.4855769230769231 0.07211538461538461 0.038461538461538464
0 0.30408653846153844 0.4831730769230769 0.0829326923076923 0.042067307692307696
0 0.036057692307692304 0.4735576923076923 0.07211538461538461 0.040865384615384616