0 0.25721153846153844 0.6742788461538461 0.09735576923076923 0.042067307692307696
0 0.6286057692307693 0.7259615384615384 0.09014423076923077 0.04326923076923077
0 0.03245192307692308 0.4795673076923077 0.06370192307692307 0.040865384615384616
0 0.8257211538461539 0.12139423076923077 0.036057692307692304 0.07211538461538461
0 0.7956730769230769 0.7764423076923077 0.07692307692307693 0.040865384615384616
0 0.8822115384615384 0.7776442307692307 0.07692307692307693 0.036057692307692304
0 0.9759615384615384 0.7776442307692307 0.04807692307692308 0.04326923076923077
0 0.5516826923076923 0.44711538461538464 0.078125 0.036057692307692304
0 0.47596153846153844 0.4495192307692308 0.06370192307692307 0.037259615384615384
0 0.38100961538461536 0.4423076923076923 0.08774038461538461 0.04326923076923077
0 0.27524038461538464 0.44350961538461536 0.08413461538461539 0.036057692307692304
0 0.1875 0.43990384615384615 0.052884615384615384 0.038461538461538464
0 0.10096153846153846 0.4362980769230769 0.0733173076923077 0.037259615384615384