0 0.03245192307692308 0.44711538461538464 0.06490384615384616 0.038461538461538464
0 0.8221153846153846 0.07572115384615384 0.038461538461538464 0.0733173076923077
0 0.7956730769230769 0.7548076923076923 0.07451923076923077 0.037259615384615384
0 0.8834134615384616 0.7560096153846154 0.07692307692307693 0.038461538461538464
0 0.5540865384615384 0.4170673076923077 0.07932692307692307 0.03125
0 0.4735576923076923 0.4170673076923077 0.06610576923076923 0.03485576923076923
0 0.38100961538461536 0.41346153846153844 0.08653846153846154 0.040865384615384616
0 0.2764423076923077 0.40865384615384615 0.078125 0.03245192307692308
0 0.18870192307692307 0.40384615384615385 0.051682692307692304 0.03245192307692308
0 0.09975961538461539 0.40024038461538464 0.0673076923076923 0.03125
0 0.7848557692307693 0.6586538461538461 0.06971153846153846 0.036057692307692304