0 0.75 0.6730769230769231 0.09375 0.038461538461538464
0 0.03365384615384615 0.4723557692307692 0.0673076923076923 0.042067307692307696
0 0.828125 0.10576923076923077 0.040865384615384616 0.0733173076923077
0 0.8004807692307693 0.7716346153846154 0.07451923076923077 0.038461538461538464
0 0.8882211538461539 0.7728365384615384 0.07692307692307693 0.036057692307692304
0 0.9771634615384616 0.7752403846153846 0.04567307692307692 0.037259615384615384
0 0.5564903846153846 0.4387019230769231 0.078125 0.03245192307692308
0 0.47836538461538464 0.4387019230769231 0.0673076923076923 0.03485576923076923
0 0.38461538461538464 0.4362980769230769 0.0829326923076923 0.04326923076923077
0 0.2800480769230769 0.43509615384615385 0.0829326923076923 0.038461538461538464
0 0.19110576923076922 0.43028846153846156 0.05048076923076923 0.03485576923076923
0 0.10216346153846154 0.42788461538461536 0.0673076923076923 0.03485576923076923
0 0.2247596153846154 0.6730769230769231 0.06971153846153846 0.040865384615384616