0 0.040865384615384616 0.19471153846153846 0.07451923076923077 0.0733173076923077
0 0.028846153846153848 0.7752403846153846 0.057692307692307696 0.038461538461538464
0 0.12139423076923077 0.78125 0.0829326923076923 0.037259615384615384
0 0.21153846153846154 0.7848557692307693 0.06971153846153846 0.036057692307692304
0 0.7487980769230769 0.7980769230769231 0.07211538461538461 0.040865384615384616
0 0.9387019230769231 0.47475961538461536 0.07451923076923077 0.036057692307692304
0 0.8473557692307693 0.4699519230769231 0.08413461538461539 0.03485576923076923
0 0.7379807692307693 0.46875 0.07932692307692307 0.037259615384615384
0 0.6370192307692307 0.4651442307692308 0.06971153846153846 0.036057692307692304
0 0.5372596153846154 0.45913461538461536 0.08653846153846154 0.046875
0 0.41947115384615385 0.45913461538461536 0.06971153846153846 0.037259615384615384
0 0.30288461538461536 0.45552884615384615 0.08653846153846154 0.038461538461538464
0 0.03485576923076923 0.4483173076923077 0.06850961538461539 0.037259615384615384