0 0.1466346153846154 0.24278846153846154 0.07451923076923077 0.07451923076923077
0 0.11538461538461539 0.8088942307692307 0.09254807692307693 0.04567307692307692
0 0.22596153846153846 0.8149038461538461 0.08653846153846154 0.042067307692307696
0 0.3161057692307692 0.8197115384615384 0.06971153846153846 0.042067307692307696
0 0.9519230769230769 0.5144230769230769 0.08413461538461539 0.04567307692307692
0 0.8425480769230769 0.5120192307692307 0.07692307692307693 0.042067307692307696
0 0.7427884615384616 0.5096153846153846 0.06850961538461539 0.04326923076923077
0 0.6418269230769231 0.5024038461538461 0.08774038461538461 0.051682692307692304
0 0.5252403846153846 0.5012019230769231 0.07211538461538461 0.038461538461538464
0 0.40865384615384615 0.49759615384615385 0.0829326923076923 0.042067307692307696
0 0.13581730769230768 0.4879807692307692 0.07451923076923077 0.04326923076923077
0 0.8461538461538461 0.84375 0.09495192307692307 0.04807692307692308