0 0.4951923076923077 0.8918269230769231 0.052884615384615384 0.08413461538461539
0 0.21875 0.7019230769230769 0.09735576923076923 0.05048076923076923
0 0.6237980769230769 0.7451923076923077 0.0889423076923077 0.056490384615384616
0 0.11658653846153846 0.5949519230769231 0.08653846153846154 0.04807692307692308
0 0.23918269230769232 0.6033653846153846 0.07211538461538461 0.042067307692307696
0 0.12740384615384615 0.5384615384615384 0.0985576923076923 0.04567307692307692
0 0.24639423076923078 0.4795673076923077 0.08653846153846154 0.05889423076923077
0 0.47475961538461536 0.5 0.08653846153846154 0.04326923076923077
0 0.6286057692307693 0.5024038461538461 0.09495192307692307 0.055288461538461536
0 0.7283653846153846 0.5084134615384616 0.057692307692307696 0.038461538461538464
0 0.8509615384615384 0.5108173076923077 0.08413461538461539 0.04326923076923077
0 0.8942307692307693 0.4639423076923077 0.07692307692307693 0.046875
0 0.7956730769230769 0.46153846153846156 0.07451923076923077 0.04567307692307692
0 0.7019230769230769 0.4567307692307692 0.07211538461538461 0.04326923076923077
0 0.6045673076923077 0.4519230769230769 0.06610576923076923 0.04567307692307692
0 0.5084134615384616 0.44711538461538464 0.0733173076923077 0.042067307692307696
0 0.41586538461538464 0.44350961538461536 0.05889423076923077 0.040865384615384616
0 0.3245192307692308 0.4387019230769231 0.06971153846153846 0.040865384615384616