0 0.14423076923076922 0.2127403846153846 0.07692307692307693 0.078125
0 0.11538461538461539 0.7872596153846154 0.09254807692307693 0.04326923076923077
0 0.22235576923076922 0.7944711538461539 0.08413461538461539 0.036057692307692304
0 0.3125 0.7980769230769231 0.07211538461538461 0.037259615384615384
0 0.8473557692307693 0.8125 0.07211538461538461 0.037259615384615384
0 0.9495192307692307 0.4879807692307692 0.0829326923076923 0.038461538461538464
0 0.8401442307692307 0.484375 0.08173076923076923 0.037259615384615384
0 0.7403846153846154 0.4807692307692308 0.06971153846153846 0.037259615384615384
0 0.6394230769230769 0.47596153846153844 0.08774038461538461 0.04807692307692308
0 0.5216346153846154 0.47475961538461536 0.07211538461538461 0.038461538461538464
0 0.40384615384615385 0.4699519230769231 0.0829326923076923 0.037259615384615384
0 0.1346153846153846 0.4651442307692308 0.07451923076923077 0.038461538461538464