0 0.03245192307692308 0.4411057692307692 0.06490384615384616 0.040865384615384616
0 0.8233173076923077 0.07091346153846154 0.037259615384615384 0.07692307692307693
0 0.7980769230769231 0.7439903846153846 0.0733173076923077 0.037259615384615384
0 0.8846153846153846 0.7451923076923077 0.0733173076923077 0.037259615384615384
0 0.9771634615384616 0.7475961538461539 0.04567307692307692 0.038461538461538464
0 0.5552884615384616 0.4050480769230769 0.07692307692307693 0.03485576923076923
0 0.47716346153846156 0.4050480769230769 0.0673076923076923 0.036057692307692304
0 0.38341346153846156 0.4026442307692308 0.08653846153846154 0.038461538461538464
0 0.2764423076923077 0.4014423076923077 0.078125 0.037259615384615384
0 0.18870192307692307 0.40024038461538464 0.052884615384615384 0.03125
0 0.09975961538461539 0.39663461538461536 0.06850961538461539 0.03125