0 0.8365384615384616 0.6670673076923077 0.07451923076923077 0.037259615384615384
0 0.10817307692307693 0.546875 0.0889423076923077 0.037259615384615384
0 0.22956730769230768 0.5492788461538461 0.06850961538461539 0.036057692307692304
0 0.11899038461538461 0.4855769230769231 0.09375 0.040865384615384616
0 0.23557692307692307 0.4266826923076923 0.09014423076923077 0.04326923076923077
0 0.4675480769230769 0.4362980769230769 0.08413461538461539 0.042067307692307696
0 0.6213942307692307 0.4411057692307692 0.09735576923076923 0.046875
0 0.8425480769230769 0.44471153846153844 0.08173076923076923 0.040865384615384616
0 0.9783653846153846 0.40024038461538464 0.042067307692307696 0.037259615384615384
0 0.8846153846153846 0.39783653846153844 0.07932692307692307 0.036057692307692304
0 0.7860576923076923 0.3942307692307692 0.07451923076923077 0.036057692307692304
0 0.6911057692307693 0.3954326923076923 0.0673076923076923 0.03485576923076923
0 0.5961538461538461 0.3918269230769231 0.0673076923076923 0.03485576923076923
0 0.5024038461538461 0.3894230769230769 0.07692307692307693 0.036057692307692304
0 0.4050480769230769 0.38461538461538464 0.06129807692307692 0.03245192307692308
0 0.31490384615384615 0.38341346153846156 0.07692307692307693 0.03245192307692308