0 0.04567307692307692 0.7103365384615384 0.09134615384615384 0.05048076923076923
0 0.12139423076923077 0.6105769230769231 0.08653846153846154 0.051682692307692304
0 0.24278846153846154 0.6189903846153846 0.06971153846153846 0.04326923076923077
0 0.1310096153846154 0.5516826923076923 0.09495192307692307 0.046875
0 0.4795673076923077 0.515625 0.08173076923076923 0.04326923076923077
0 0.6322115384615384 0.5180288461538461 0.09375 0.051682692307692304
0 0.7331730769230769 0.5240384615384616 0.0625 0.040865384615384616
0 0.8521634615384616 0.5276442307692307 0.07932692307692307 0.04567307692307692
0 0.984375 0.48677884615384615 0.03125 0.04567307692307692
0 0.8966346153846154 0.4795673076923077 0.08173076923076923 0.04326923076923077
0 0.7980769230769231 0.47475961538461536 0.07692307692307693 0.040865384615384616
0 0.7055288461538461 0.4723557692307692 0.06971153846153846 0.038461538461538464
0 0.6069711538461539 0.4699519230769231 0.0673076923076923 0.040865384615384616
0 0.5120192307692307 0.46274038461538464 0.07211538461538461 0.042067307692307696
0 0.4182692307692308 0.4579326923076923 0.0625 0.04326923076923077
0 0.328125 0.4519230769230769 0.07211538461538461 0.042067307692307696
0 0.44711538461538464 0.7644230769230769 0.09134615384615384 0.054086538461538464
0 0.25 0.4951923076923077 0.09134615384615384 0.06129807692307692