0 0.042067307692307696 0.2283653846153846 0.07451923076923077 0.07451923076923077
0 0.027644230769230768 0.7956730769230769 0.055288461538461536 0.04326923076923077
0 0.12139423076923077 0.8016826923076923 0.0889423076923077 0.04326923076923077
0 0.21153846153846154 0.8064903846153846 0.06850961538461539 0.038461538461538464
0 0.7355769230769231 0.8221153846153846 0.08413461538461539 0.037259615384615384
0 0.9362980769230769 0.5060096153846154 0.07692307692307693 0.042067307692307696
0 0.8461538461538461 0.5012019230769231 0.0829326923076923 0.042067307692307696
0 0.7379807692307693 0.49759615384615385 0.08173076923076923 0.042067307692307696
0 0.6370192307692307 0.49399038461538464 0.06971153846153846 0.038461538461538464
0 0.5360576923076923 0.4891826923076923 0.09014423076923077 0.052884615384615384
0 0.4182692307692308 0.4855769230769231 0.07211538461538461 0.040865384615384616
0 0.30288461538461536 0.4855769230769231 0.08413461538461539 0.042067307692307696
0 0.03485576923076923 0.47596153846153844 0.06971153846153846 0.04567307692307692