0 0.703125 0.6802884615384616 0.078125 0.037259615384615384
0 0.10576923076923077 0.5588942307692307 0.08653846153846154 0.036057692307692304
0 0.2283653846153846 0.5637019230769231 0.07211538461538461 0.036057692307692304
0 0.11778846153846154 0.4987980769230769 0.09735576923076923 0.042067307692307696
0 0.23317307692307693 0.4362980769230769 0.08413461538461539 0.04567307692307692
0 0.46274038461538464 0.4519230769230769 0.08413461538461539 0.042067307692307696
0 0.6189903846153846 0.4567307692307692 0.09014423076923077 0.04326923076923077
0 0.8401442307692307 0.46033653846153844 0.08173076923076923 0.038461538461538464
0 0.9771634615384616 0.4170673076923077 0.04567307692307692 0.037259615384615384
0 0.8822115384615384 0.41346153846153844 0.08413461538461539 0.036057692307692304
0 0.7836538461538461 0.40865384615384615 0.07692307692307693 0.036057692307692304
0 0.6911057692307693 0.40865384615384615 0.06850961538461539 0.036057692307692304
0 0.5925480769230769 0.4050480769230769 0.06610576923076923 0.040865384615384616
0 0.4987980769230769 0.4014423076923077 0.0733173076923077 0.037259615384615384
0 0.4050480769230769 0.39783653846153844 0.06610576923076923 0.036057692307692304
0 0.3137019230769231 0.3954326923076923 0.07692307692307693 0.03485576923076923