0 0.5456730769230769 0.7235576923076923 0.07451923076923077 0.07211538461538461
0 0.11298076923076923 0.5733173076923077 0.08653846153846154 0.037259615384615384
0 0.234375 0.5757211538461539 0.07211538461538461 0.042067307692307696
0 0.125 0.5132211538461539 0.09735576923076923 0.04567307692307692
0 0.2403846153846154 0.453125 0.0889423076923077 0.05048076923076923
0 0.4723557692307692 0.46875 0.08653846153846154 0.04326923076923077
0 0.6262019230769231 0.4699519230769231 0.09375 0.052884615384615384
0 0.7247596153846154 0.47596153846153844 0.06610576923076923 0.037259615384615384
0 0.8461538461538461 0.47836538461538464 0.0829326923076923 0.038461538461538464
0 0.9819711538461539 0.4362980769230769 0.036057692307692304 0.040865384615384616
0 0.8882211538461539 0.4326923076923077 0.07692307692307693 0.03485576923076923
0 0.7896634615384616 0.42788461538461536 0.07692307692307693 0.037259615384615384
0 0.6983173076923077 0.4254807692307692 0.07211538461538461 0.038461538461538464
0 0.5973557692307693 0.4230769230769231 0.06370192307692307 0.038461538461538464
0 0.5048076923076923 0.4206730769230769 0.07451923076923077 0.037259615384615384
0 0.4098557692307692 0.41466346153846156 0.06370192307692307 0.038461538461538464
0 0.32091346153846156 0.4110576923076923 0.06971153846153846 0.037259615384615384
0 0.8990384615384616 0.6790865384615384 0.06850961538461539 0.036057692307692304