0 0.04326923076923077 0.21634615384615385 0.07692307692307693 0.07692307692307693
0 0.1201923076923077 0.7944711538461539 0.08774038461538461 0.038461538461538464
0 0.2127403846153846 0.8004807692307693 0.07211538461538461 0.038461538461538464
0 0.7463942307692307 0.8137019230769231 0.0733173076923077 0.037259615384615384
0 0.9387019230769231 0.49278846153846156 0.07451923076923077 0.038461538461538464
0 0.8461538461538461 0.49038461538461536 0.0829326923076923 0.038461538461538464
0 0.7379807692307693 0.4879807692307692 0.07932692307692307 0.038461538461538464
0 0.6382211538461539 0.4831730769230769 0.06971153846153846 0.038461538461538464
0 0.5372596153846154 0.4795673076923077 0.0889423076923077 0.046875
0 0.41947115384615385 0.47716346153846156 0.0733173076923077 0.038461538461538464
0 0.30408653846153844 0.47475961538461536 0.0829326923076923 0.040865384615384616
0 0.03485576923076923 0.4651442307692308 0.06971153846153846 0.040865384615384616