0 0.14423076923076922 0.21634615384615385 0.07692307692307693 0.07692307692307693
0 0.11298076923076923 0.7896634615384616 0.09254807692307693 0.042067307692307696
0 0.22235576923076922 0.7944711538461539 0.08774038461538461 0.038461538461538464
0 0.3137019230769231 0.8004807692307693 0.07211538461538461 0.038461538461538464
0 0.8473557692307693 0.8137019230769231 0.0733173076923077 0.037259615384615384
0 0.9471153846153846 0.49038461538461536 0.0829326923076923 0.038461538461538464
0 0.8401442307692307 0.4879807692307692 0.07932692307692307 0.038461538461538464
0 0.7403846153846154 0.4831730769230769 0.06971153846153846 0.038461538461538464
0 0.6382211538461539 0.4795673076923077 0.0889423076923077 0.046875
0 0.5216346153846154 0.47716346153846156 0.0733173076923077 0.038461538461538464
0 0.4050480769230769 0.47475961538461536 0.0829326923076923 0.040865384615384616
0 0.13341346153846154 0.4651442307692308 0.07692307692307693 0.040865384615384616