0 0.8569711538461539 0.6574519230769231 0.09495192307692307 0.040865384615384616
0 0.9579326923076923 0.7091346153846154 0.08413461538461539 0.04326923076923077
0 0.140625 0.14543269230769232 0.078125 0.078125
0 0.11057692307692307 0.7415865384615384 0.09254807692307693 0.036057692307692304
0 0.21995192307692307 0.7427884615384616 0.08173076923076923 0.036057692307692304
0 0.31009615384615385 0.7475961538461539 0.06971153846153846 0.036057692307692304
0 0.41225961538461536 0.7475961538461539 0.07932692307692307 0.036057692307692304
0 0.8497596153846154 0.7548076923076923 0.0673076923076923 0.03485576923076923
0 0.9362980769230769 0.7560096153846154 0.06850961538461539 0.03485576923076923
0 0.9435096153846154 0.4254807692307692 0.08173076923076923 0.036057692307692304
0 0.8377403846153846 0.4230769230769231 0.08173076923076923 0.03485576923076923
0 0.7331730769230769 0.41947115384615385 0.06971153846153846 0.036057692307692304
0 0.6334134615384616 0.4206730769230769 0.09254807692307693 0.037259615384615384
0 0.5168269230769231 0.4206730769230769 0.06850961538461539 0.03485576923076923
0 0.4026442307692308 0.41346153846153844 0.07932692307692307 0.038461538461538464
0 0.1310096153846154 0.4026442307692308 0.07692307692307693 0.03485576923076923
0 0.10817307692307693 0.6454326923076923 0.07211538461538461 0.037259615384615384