0 0.05048076923076923 0.27163461538461536 0.07451923076923077 0.07692307692307693
0 0.03245192307692308 0.8293269230769231 0.06370192307692307 0.042067307692307696
0 0.12860576923076922 0.8365384615384616 0.0829326923076923 0.038461538461538464
0 0.21995192307692307 0.8425480769230769 0.06971153846153846 0.040865384615384616
0 0.9459134615384616 0.5504807692307693 0.0733173076923077 0.042067307692307696
0 0.8545673076923077 0.5456730769230769 0.08413461538461539 0.04326923076923077
0 0.7463942307692307 0.5408653846153846 0.078125 0.038461538461538464
0 0.6466346153846154 0.5360576923076923 0.0673076923076923 0.04326923076923077
0 0.5444711538461539 0.5288461538461539 0.0889423076923077 0.055288461538461536
0 0.4266826923076923 0.5300480769230769 0.07211538461538461 0.04326923076923077
0 0.3112980769230769 0.5252403846153846 0.08173076923076923 0.042067307692307696
0 0.040865384615384616 0.515625 0.07692307692307693 0.04326923076923077