0 0.04567307692307692 0.2536057692307692 0.07692307692307693 0.078125
0 0.03245192307692308 0.8137019230769231 0.06370192307692307 0.046875
0 0.12620192307692307 0.8197115384615384 0.08653846153846154 0.04326923076923077
0 0.21754807692307693 0.8245192307692307 0.06850961538461539 0.04326923076923077
0 0.9423076923076923 0.53125 0.07211538461538461 0.04326923076923077
0 0.8509615384615384 0.5264423076923077 0.0829326923076923 0.04326923076923077
0 0.7451923076923077 0.5228365384615384 0.08173076923076923 0.042067307692307696
0 0.6442307692307693 0.5192307692307693 0.06850961538461539 0.04567307692307692
0 0.5408653846153846 0.5120192307692307 0.0889423076923077 0.055288461538461536
0 0.42427884615384615 0.5108173076923077 0.0733173076923077 0.04326923076923077
0 0.3088942307692308 0.5084134615384616 0.08173076923076923 0.042067307692307696
0 0.038461538461538464 0.4963942307692308 0.07692307692307693 0.04567307692307692