0 0.4807692307692308 0.5745192307692307 0.0673076923076923 0.051682692307692304
0 0.23076923076923078 0.6394230769230769 0.06971153846153846 0.04807692307692308
0 0.171875 0.7115384615384616 0.07211538461538461 0.046875
0 0.9387019230769231 0.31009615384615385 0.078125 0.055288461538461536
0 0.8762019230769231 0.4411057692307692 0.07451923076923077 0.056490384615384616
0 0.5012019230769231 0.40865384615384615 0.06370192307692307 0.03245192307692308
0 0.3269230769230769 0.27163461538461536 0.057692307692307696 0.07692307692307693
0 0.27403846153846156 0.171875 0.05048076923076923 0.06850961538461539
0 0.3173076923076923 0.038461538461538464 0.052884615384615384 0.0673076923076923
0 0.09495192307692307 0.030048076923076924 0.07211538461538461 0.04807692307692308
0 0.1971153846153846 0.12860576923076922 0.04567307692307692 0.057692307692307696
0 0.6959134615384616 0.08533653846153846 0.06971153846153846 0.036057692307692304
0 0.8233173076923077 0.08173076923076923 0.06610576923076923 0.03125
0 0.22355769230769232 0.9747596153846154 0.0625 0.037259615384615384
0 0.6802884615384616 0.828125 0.06610576923076923 0.0625
0 0.7391826923076923 0.8786057692307693 0.06850961538461539 0.06610576923076923
0 0.7956730769230769 0.9278846153846154 0.07451923076923077 0.06850961538461539
0 0.8557692307692307 0.96875 0.06850961538461539 0.0625