0 0.23076923076923078 0.5745192307692307 0.0673076923076923 0.051682692307692304
0 0.6887019230769231 0.31009615384615385 0.078125 0.055288461538461536
0 0.6262019230769231 0.4411057692307692 0.07451923076923077 0.056490384615384616
0 0.2512019230769231 0.40865384615384615 0.06370192307692307 0.03245192307692308
0 0.07692307692307693 0.27163461538461536 0.057692307692307696 0.07692307692307693
0 0.02403846153846154 0.171875 0.04807692307692308 0.06850961538461539
0 0.0673076923076923 0.038461538461538464 0.052884615384615384 0.0673076923076923
0 0.44591346153846156 0.08533653846153846 0.06971153846153846 0.036057692307692304
0 0.5733173076923077 0.08173076923076923 0.06610576923076923 0.03125
0 0.43028846153846156 0.828125 0.06610576923076923 0.0625
0 0.4891826923076923 0.8786057692307693 0.06850961538461539 0.06610576923076923
0 0.5456730769230769 0.9278846153846154 0.07451923076923077 0.06850961538461539
0 0.6057692307692307 0.96875 0.06850961538461539 0.0625
0 0.8677884615384616 0.45913461538461536 0.040865384615384616 0.06971153846153846
0 0.8497596153846154 0.5709134615384616 0.040865384615384616 0.0733173076923077
0 0.8425480769230769 0.6634615384615384 0.04326923076923077 0.0673076923076923
0 0.8125 0.8377403846153846 0.040865384615384616 0.07451923076923077
0 0.8762019230769231 0.6862980769230769 0.057692307692307696 0.06971153846153846
0 0.9278846153846154 0.6310096153846154 0.042067307692307696 0.07932692307692307