0 0.46274038461538464 0.5721153846153846 0.0673076923076923 0.05048076923076923
0 0.3137019230769231 0.640625 0.06971153846153846 0.05048076923076923
0 0.6225961538461539 0.44350961538461536 0.07932692307692307 0.0625
0 0.44471153846153844 0.39663461538461536 0.06850961538461539 0.04567307692307692
0 0.3125 0.26802884615384615 0.05889423076923077 0.07692307692307693
0 0.25600961538461536 0.17067307692307693 0.051682692307692304 0.06850961538461539
0 0.3016826923076923 0.037259615384615384 0.056490384615384616 0.0673076923076923
0 0.07572115384615384 0.028846153846153848 0.06971153846153846 0.04567307692307692
0 0.2512019230769231 0.28846153846153844 0.038461538461538464 0.046875
0 0.17908653846153846 0.12860576923076922 0.042067307692307696 0.052884615384615384
0 0.6778846153846154 0.08413461538461539 0.07211538461538461 0.036057692307692304
0 0.8052884615384616 0.078125 0.06610576923076923 0.03125
0 0.19471153846153846 0.7355769230769231 0.0733173076923077 0.04807692307692308
0 0.20673076923076922 0.9747596153846154 0.06370192307692307 0.036057692307692304
0 0.6634615384615384 0.8245192307692307 0.06370192307692307 0.05889423076923077
0 0.7223557692307693 0.8762019230769231 0.07211538461538461 0.0673076923076923
0 0.78125 0.9266826923076923 0.07211538461538461 0.06610576923076923
0 0.8449519230769231 0.96875 0.06850961538461539 0.0625