0 0.2127403846153846 0.5697115384615384 0.06971153846153846 0.051682692307692304
0 0.09735576923076923 0.6237980769230769 0.0673076923076923 0.05048076923076923
0 0.24879807692307693 0.4987980769230769 0.07932692307692307 0.05889423076923077
0 0.16947115384615385 0.36899038461538464 0.06370192307692307 0.0625
0 0.06370192307692307 0.265625 0.057692307692307696 0.07451923076923077
0 0.016826923076923076 0.1658653846153846 0.03245192307692308 0.0673076923076923
0 0.051682692307692304 0.03365384615384615 0.052884615384615384 0.06370192307692307
0 0.42788461538461536 0.07932692307692307 0.06850961538461539 0.036057692307692304
0 0.5552884615384616 0.07451923076923077 0.0673076923076923 0.03245192307692308
0 0.8990384615384616 0.21514423076923078 0.06971153846153846 0.052884615384615384
0 0.09495192307692307 0.6730769230769231 0.07451923076923077 0.051682692307692304
0 0.41586538461538464 0.8209134615384616 0.06129807692307692 0.057692307692307696
0 0.47475961538461536 0.8725961538461539 0.06971153846153846 0.0673076923076923
0 0.5336538461538461 0.921875 0.06971153846153846 0.0625
0 0.5973557692307693 0.9675480769230769 0.06850961538461539 0.05889423076923077
0 0.8485576923076923 0.4543269230769231 0.037259615384615384 0.06610576923076923
0 0.8341346153846154 0.5673076923076923 0.037259615384615384 0.07451923076923077
0 0.8257211538461539 0.6598557692307693 0.036057692307692304 0.0625
0 0.7980769230769231 0.8329326923076923 0.037259615384615384 0.07451923076923077
0 0.8653846153846154 0.6598557692307693 0.04807692307692308 0.078125
0 0.9110576923076923 0.6237980769230769 0.037259615384615384 0.07692307692307693
0 0.8870192307692307 0.8028846153846154 0.037259615384615384 0.07211538461538461