0 0.20673076923076922 0.5697115384615384 0.06971153846153846 0.052884615384615384
0 0.125 0.6069711538461539 0.06610576923076923 0.04807692307692308
0 0.09014423076923077 0.21033653846153846 0.051682692307692304 0.0673076923076923
0 0.057692307692307696 0.2644230769230769 0.056490384615384616 0.0733173076923077
0 0.046875 0.03365384615384615 0.052884615384615384 0.06370192307692307
0 0.42427884615384615 0.07932692307692307 0.06971153846153846 0.03245192307692308
0 0.5492788461538461 0.07451923076923077 0.0673076923076923 0.03245192307692308
0 0.5324519230769231 0.3629807692307692 0.06370192307692307 0.051682692307692304
0 0.4543269230769231 0.4987980769230769 0.07451923076923077 0.056490384615384616
0 0.08653846153846154 0.6802884615384616 0.07932692307692307 0.052884615384615384
0 0.4098557692307692 0.8209134615384616 0.057692307692307696 0.055288461538461536
0 0.4675480769230769 0.8725961538461539 0.06850961538461539 0.0673076923076923
0 0.5276442307692307 0.9230769230769231 0.07211538461538461 0.06610576923076923
0 0.5877403846153846 0.9663461538461539 0.0733173076923077 0.06370192307692307
0 0.8401442307692307 0.4567307692307692 0.036057692307692304 0.06610576923076923
0 0.8269230769230769 0.5673076923076923 0.037259615384615384 0.07451923076923077
0 0.8209134615384616 0.65625 0.036057692307692304 0.0625
0 0.7932692307692307 0.8341346153846154 0.036057692307692304 0.06971153846153846
0 0.859375 0.6502403846153846 0.04326923076923077 0.078125
0 0.9026442307692307 0.625 0.042067307692307696 0.078125
0 0.8786057692307693 0.8028846153846154 0.038461538461538464 0.07451923076923077