0 0.4567307692307692 0.5697115384615384 0.06971153846153846 0.052884615384615384
0 0.375 0.6069711538461539 0.06610576923076923 0.04807692307692308
0 0.171875 0.6394230769230769 0.08173076923076923 0.057692307692307696
0 0.3401442307692308 0.21033653846153846 0.051682692307692304 0.0673076923076923
0 0.3076923076923077 0.2644230769230769 0.056490384615384616 0.0733173076923077
0 0.2512019230769231 0.16466346153846154 0.05048076923076923 0.06971153846153846
0 0.296875 0.03365384615384615 0.052884615384615384 0.06370192307692307
0 0.07091346153846154 0.025240384615384616 0.0733173076923077 0.04326923076923077
0 0.24639423076923078 0.28365384615384615 0.037259615384615384 0.04567307692307692
0 0.17427884615384615 0.125 0.042067307692307696 0.052884615384615384
0 0.6742788461538461 0.07932692307692307 0.06971153846153846 0.03245192307692308
0 0.7992788461538461 0.07451923076923077 0.0673076923076923 0.03245192307692308
0 0.7824519230769231 0.3629807692307692 0.06370192307692307 0.051682692307692304
0 0.7043269230769231 0.4987980769230769 0.07451923076923077 0.056490384615384616
0 0.33653846153846156 0.6802884615384616 0.07932692307692307 0.052884615384615384
0 0.20192307692307693 0.9711538461538461 0.06370192307692307 0.036057692307692304
0 0.6598557692307693 0.8209134615384616 0.057692307692307696 0.055288461538461536
0 0.7175480769230769 0.8725961538461539 0.06850961538461539 0.0673076923076923
0 0.7776442307692307 0.9230769230769231 0.07211538461538461 0.06610576923076923
0 0.8377403846153846 0.9663461538461539 0.0733173076923077 0.06370192307692307