0 0.20673076923076922 0.5685096153846154 0.06850961538461539 0.05048076923076923
0 0.12620192307692307 0.6069711538461539 0.0673076923076923 0.051682692307692304
0 0.06850961538461539 0.1658653846153846 0.055288461538461536 0.06971153846153846
0 0.056490384615384616 0.2644230769230769 0.057692307692307696 0.07451923076923077
0 0.01201923076923077 0.16466346153846154 0.02403846153846154 0.06971153846153846
0 0.04567307692307692 0.03485576923076923 0.051682692307692304 0.06610576923076923
0 0.4230769230769231 0.08052884615384616 0.0733173076923077 0.036057692307692304
0 0.5480769230769231 0.07451923076923077 0.06610576923076923 0.03245192307692308
0 0.46153846153846156 0.3942307692307692 0.0625 0.04807692307692308
0 0.5240384615384616 0.46033653846153844 0.0733173076923077 0.057692307692307696
0 0.15745192307692307 0.6490384615384616 0.07932692307692307 0.052884615384615384
0 0.40865384615384615 0.8197115384615384 0.057692307692307696 0.056490384615384616
0 0.4651442307692308 0.8701923076923077 0.06850961538461539 0.06850961538461539
0 0.5252403846153846 0.9230769230769231 0.0733173076923077 0.0673076923076923
0 0.5865384615384616 0.9639423076923077 0.06971153846153846 0.0625
0 0.8389423076923077 0.4543269230769231 0.03485576923076923 0.06610576923076923
0 0.8269230769230769 0.5673076923076923 0.037259615384615384 0.07451923076923077
0 0.8197115384615384 0.6574519230769231 0.03245192307692308 0.06370192307692307
0 0.7908653846153846 0.8329326923076923 0.03245192307692308 0.06850961538461539
0 0.8581730769230769 0.6466346153846154 0.04326923076923077 0.07692307692307693
0 0.9002403846153846 0.6237980769230769 0.042067307692307696 0.07932692307692307
0 0.8762019230769231 0.8028846153846154 0.040865384615384616 0.07451923076923077
0 0.9627403846153846 0.5504807692307693 0.03245192307692308 0.026442307692307692