0 0.21754807692307693 0.5685096153846154 0.06850961538461539 0.052884615384615384
0 0.08653846153846154 0.6298076923076923 0.06850961538461539 0.05048076923076923
0 0.31490384615384615 0.4699519230769231 0.07932692307692307 0.05889423076923077
0 0.18629807692307693 0.38461538461538464 0.06610576923076923 0.05048076923076923
0 0.0673076923076923 0.2644230769230769 0.05889423076923077 0.07692307692307693
0 0.016826923076923076 0.1658653846153846 0.03365384615384615 0.0673076923076923
0 0.055288461538461536 0.03485576923076923 0.052884615384615384 0.06610576923076923
0 0.43149038461538464 0.07932692307692307 0.06850961538461539 0.03485576923076923
0 0.5588942307692307 0.07451923076923077 0.06370192307692307 0.03125
0 0.9699519230769231 0.1935096153846154 0.05889423076923077 0.042067307692307696
0 0.030048076923076924 0.703125 0.06009615384615385 0.05048076923076923
0 0.4170673076923077 0.8221153846153846 0.0625 0.06129807692307692
0 0.47596153846153844 0.8713942307692307 0.0733173076923077 0.06850961538461539
0 0.5348557692307693 0.9230769230769231 0.07211538461538461 0.06370192307692307
0 0.5997596153846154 0.9651442307692307 0.0673076923076923 0.05889423076923077
0 0.8521634615384616 0.45552884615384615 0.036057692307692304 0.0673076923076923
0 0.8377403846153846 0.5673076923076923 0.037259615384615384 0.07451923076923077
0 0.8293269230769231 0.6586538461538461 0.036057692307692304 0.06370192307692307
0 0.8016826923076923 0.8329326923076923 0.037259615384615384 0.07211538461538461
0 0.8677884615384616 0.6610576923076923 0.04807692307692308 0.078125
0 0.9134615384615384 0.6237980769230769 0.042067307692307696 0.07932692307692307
0 0.8894230769230769 0.8028846153846154 0.042067307692307696 0.078125