0 0.46033653846153844 0.5685096153846154 0.06971153846153846 0.052884615384615384
0 0.3762019230769231 0.6081730769230769 0.0673076923076923 0.05048076923076923
0 0.24158653846153846 0.6117788461538461 0.07932692307692307 0.055288461538461536
0 0.3605769230769231 0.24879807692307693 0.05048076923076923 0.06850961538461539
0 0.3112980769230769 0.2644230769230769 0.057692307692307696 0.07451923076923077
0 0.2548076923076923 0.16346153846153846 0.05048076923076923 0.06971153846153846
0 0.3004807692307692 0.03245192307692308 0.052884615384615384 0.06370192307692307
0 0.07451923076923077 0.026442307692307692 0.07211538461538461 0.04326923076923077
0 0.24879807692307693 0.28365384615384615 0.038461538461538464 0.04567307692307692
0 0.1778846153846154 0.12620192307692307 0.040865384615384616 0.05048076923076923
0 0.6766826923076923 0.07932692307692307 0.07211538461538461 0.036057692307692304
0 0.8028846153846154 0.07451923076923077 0.06610576923076923 0.03245192307692308
0 0.8569711538461539 0.3293269230769231 0.0673076923076923 0.051682692307692304
0 0.6358173076923077 0.5348557692307693 0.07451923076923077 0.052884615384615384
0 0.2704326923076923 0.7079326923076923 0.078125 0.052884615384615384
0 0.20673076923076922 0.9699519230769231 0.06850961538461539 0.037259615384615384
0 0.6622596153846154 0.8209134615384616 0.05889423076923077 0.057692307692307696
0 0.7223557692307693 0.8713942307692307 0.07211538461538461 0.06610576923076923
0 0.78125 0.9206730769230769 0.06850961538461539 0.06129807692307692
0 0.8413461538461539 0.9651442307692307 0.06971153846153846 0.0625