0 0.2127403846153846 0.5685096153846154 0.0673076923076923 0.05048076923076923
0 0.10817307692307693 0.6177884615384616 0.0673076923076923 0.05048076923076923
0 0.1875 0.5276442307692307 0.078125 0.057692307692307696
0 0.15625 0.34615384615384615 0.056490384615384616 0.06370192307692307
0 0.06370192307692307 0.265625 0.05889423076923077 0.07451923076923077
0 0.016826923076923076 0.16346153846153846 0.03245192307692308 0.06850961538461539
0 0.051682692307692304 0.03245192307692308 0.052884615384615384 0.06370192307692307
0 0.43028846153846156 0.07932692307692307 0.06850961538461539 0.036057692307692304
0 0.5564903846153846 0.07451923076923077 0.0673076923076923 0.03485576923076923
0 0.8257211538461539 0.2403846153846154 0.0673076923076923 0.05048076923076923
0 0.17067307692307693 0.640625 0.07451923076923077 0.052884615384615384
0 0.41466346153846156 0.8197115384615384 0.06129807692307692 0.05889423076923077
0 0.4723557692307692 0.8713942307692307 0.0733173076923077 0.06850961538461539
0 0.5336538461538461 0.9230769230769231 0.06971153846153846 0.06370192307692307
0 0.5961538461538461 0.9651442307692307 0.06971153846153846 0.06129807692307692
0 0.8485576923076923 0.4543269230769231 0.03485576923076923 0.06610576923076923
0 0.8341346153846154 0.5661057692307693 0.037259615384615384 0.07692307692307693
0 0.8269230769230769 0.6574519230769231 0.036057692307692304 0.06129807692307692
0 0.7980769230769231 0.8329326923076923 0.037259615384615384 0.07211538461538461
0 0.8641826923076923 0.6574519230769231 0.046875 0.07932692307692307
0 0.9098557692307693 0.6237980769230769 0.042067307692307696 0.0829326923076923
0 0.8870192307692307 0.8028846153846154 0.038461538461538464 0.0733173076923077