0 0.45913461538461536 0.5709134615384616 0.06971153846153846 0.051682692307692304
0 0.3713942307692308 0.6129807692307693 0.0673076923076923 0.05048076923076923
0 0.30408653846153844 0.5877403846153846 0.07932692307692307 0.05889423076923077
0 0.375 0.28846153846153844 0.046875 0.06850961538461539
0 0.31009615384615385 0.26802884615384615 0.06129807692307692 0.07692307692307693
0 0.25240384615384615 0.16826923076923078 0.051682692307692304 0.06971153846153846
0 0.2980769230769231 0.03485576923076923 0.051682692307692304 0.06370192307692307
0 0.07211538461538461 0.027644230769230768 0.07451923076923077 0.046875
0 0.24879807692307693 0.28725961538461536 0.036057692307692304 0.04326923076923077
0 0.1778846153846154 0.12740384615384615 0.042067307692307696 0.051682692307692304
0 0.6754807692307693 0.08173076923076923 0.07211538461538461 0.037259615384615384
0 0.8028846153846154 0.07692307692307693 0.0673076923076923 0.03245192307692308
0 0.9266826923076923 0.30288461538461536 0.06610576923076923 0.051682692307692304
0 0.5625 0.5745192307692307 0.07451923076923077 0.055288461538461536
0 0.19831730769230768 0.7379807692307693 0.078125 0.051682692307692304
0 0.20552884615384615 0.9747596153846154 0.0673076923076923 0.036057692307692304
0 0.6610576923076923 0.8245192307692307 0.05889423076923077 0.057692307692307696
0 0.7199519230769231 0.8737980769230769 0.0733173076923077 0.0673076923076923
0 0.7800480769230769 0.9254807692307693 0.06971153846153846 0.0625
0 0.8389423076923077 0.9675480769230769 0.07211538461538461 0.06370192307692307