0 0.4543269230769231 0.5697115384615384 0.06971153846153846 0.052884615384615384
0 0.37259615384615385 0.6081730769230769 0.0673076923076923 0.051682692307692304
0 0.2644230769230769 0.07572115384615384 0.056490384615384616 0.06971153846153846
0 0.30528846153846156 0.265625 0.056490384615384616 0.07451923076923077
0 0.24639423076923078 0.1658653846153846 0.05048076923076923 0.07211538461538461
0 0.2920673076923077 0.03485576923076923 0.052884615384615384 0.06370192307692307
0 0.06610576923076923 0.025240384615384616 0.0733173076923077 0.04567307692307692
0 0.24158653846153846 0.2848557692307692 0.038461538461538464 0.046875
0 0.6694711538461539 0.08173076923076923 0.06971153846153846 0.03485576923076923
0 0.7932692307692307 0.07692307692307693 0.0673076923076923 0.03485576923076923
0 0.5661057692307693 0.4651442307692308 0.06610576923076923 0.051682692307692304
0 0.9110576923076923 0.38822115384615385 0.07451923076923077 0.057692307692307696
0 0.5432692307692307 0.5877403846153846 0.07932692307692307 0.057692307692307696
0 0.19951923076923078 0.9723557692307693 0.0673076923076923 0.036057692307692304
0 0.6550480769230769 0.8233173076923077 0.057692307692307696 0.056490384615384616
0 0.7139423076923077 0.8737980769230769 0.06850961538461539 0.06610576923076923
0 0.7740384615384616 0.9230769230769231 0.07451923076923077 0.0673076923076923
0 0.8329326923076923 0.9675480769230769 0.07211538461538461 0.0625