0 0.20673076923076922 0.5697115384615384 0.06971153846153846 0.051682692307692304
0 0.12620192307692307 0.6057692307692307 0.0673076923076923 0.05048076923076923
0 0.04326923076923077 0.12259615384615384 0.056490384615384616 0.06971153846153846
0 0.057692307692307696 0.2644230769230769 0.056490384615384616 0.07451923076923077
0 0.04567307692307692 0.03485576923076923 0.052884615384615384 0.06370192307692307
0 0.4230769230769231 0.07932692307692307 0.06971153846153846 0.03485576923076923
0 0.5480769230769231 0.07451923076923077 0.06850961538461539 0.03245192307692308
0 0.3894230769230769 0.42908653846153844 0.06370192307692307 0.051682692307692304
0 0.5949519230769231 0.42427884615384615 0.0733173076923077 0.055288461538461536
0 0.22596153846153846 0.6177884615384616 0.078125 0.056490384615384616
0 0.4098557692307692 0.8209134615384616 0.057692307692307696 0.057692307692307696
0 0.46634615384615385 0.8701923076923077 0.0673076923076923 0.06610576923076923
0 0.5276442307692307 0.9230769230769231 0.0733173076923077 0.0673076923076923
0 0.5877403846153846 0.9651442307692307 0.07211538461538461 0.06370192307692307
0 0.8377403846153846 0.4543269230769231 0.036057692307692304 0.06850961538461539
0 0.8185096153846154 0.6550480769230769 0.03485576923076923 0.0625
0 0.7908653846153846 0.8317307692307693 0.036057692307692304 0.06971153846153846
0 0.859375 0.6418269230769231 0.040865384615384616 0.07692307692307693
0 0.9002403846153846 0.6237980769230769 0.040865384615384616 0.07932692307692307
0 0.8762019230769231 0.8028846153846154 0.03485576923076923 0.07211538461538461
0 0.8293269230769231 0.5685096153846154 0.042067307692307696 0.07091346153846154