0 0.46274038461538464 0.5697115384615384 0.06971153846153846 0.051682692307692304
0 0.3473557692307692 0.6237980769230769 0.0673076923076923 0.05048076923076923
0 0.4987980769230769 0.4987980769230769 0.07932692307692307 0.05889423076923077
0 0.41947115384615385 0.36899038461538464 0.06370192307692307 0.0625
0 0.3137019230769231 0.265625 0.057692307692307696 0.07451923076923077
0 0.25721153846153844 0.1658653846153846 0.051682692307692304 0.0673076923076923
0 0.3016826923076923 0.03365384615384615 0.052884615384615384 0.06370192307692307
0 0.07572115384615384 0.026442307692307692 0.07692307692307693 0.046875
0 0.25240384615384615 0.28365384615384615 0.038461538461538464 0.04807692307692308
0 0.18028846153846154 0.12620192307692307 0.042067307692307696 0.05048076923076923
0 0.6778846153846154 0.07932692307692307 0.06850961538461539 0.036057692307692304
0 0.8052884615384616 0.07451923076923077 0.0673076923076923 0.03245192307692308
0 0.3449519230769231 0.6730769230769231 0.07451923076923077 0.051682692307692304
0 0.2091346153846154 0.9723557692307693 0.06610576923076923 0.03485576923076923
0 0.6658653846153846 0.8209134615384616 0.06129807692307692 0.057692307692307696
0 0.7247596153846154 0.8725961538461539 0.06971153846153846 0.0673076923076923
0 0.7836538461538461 0.921875 0.06971153846153846 0.0625
0 0.8473557692307693 0.9675480769230769 0.06850961538461539 0.05889423076923077