0 0.46153846153846156 0.5673076923076923 0.06971153846153846 0.052884615384615384
0 0.3762019230769231 0.6069711538461539 0.06850961538461539 0.051682692307692304
0 0.3076923076923077 0.2644230769230769 0.05889423076923077 0.07451923076923077
0 0.2512019230769231 0.16346153846153846 0.052884615384615384 0.06971153846153846
0 0.24278846153846154 0.028846153846153848 0.052884615384615384 0.056490384615384616
0 0.296875 0.03245192307692308 0.052884615384615384 0.06370192307692307
0 0.06971153846153846 0.025240384615384616 0.0733173076923077 0.04567307692307692
0 0.24639423076923078 0.2848557692307692 0.040865384615384616 0.04807692307692308
0 0.6742788461538461 0.07932692307692307 0.06971153846153846 0.03485576923076923
0 0.7980769230769231 0.0733173076923077 0.06370192307692307 0.03125
0 0.49759615384615385 0.4987980769230769 0.06370192307692307 0.05048076923076923
0 0.9735576923076923 0.35096153846153844 0.052884615384615384 0.057692307692307696
0 0.6153846153846154 0.5504807692307693 0.078125 0.055288461538461536
0 0.20432692307692307 0.9723557692307693 0.06370192307692307 0.036057692307692304
0 0.6610576923076923 0.8221153846153846 0.056490384615384616 0.057692307692307696
0 0.7163461538461539 0.8725961538461539 0.0673076923076923 0.06370192307692307
0 0.7764423076923077 0.9230769230769231 0.07211538461538461 0.0673076923076923
0 0.8365384615384616 0.9651442307692307 0.0733173076923077 0.06610576923076923