0 0.45913461538461536 0.5564903846153846 0.06370192307692307 0.06370192307692307
0 0.36538461538461536 0.6105769230769231 0.06370192307692307 0.05048076923076923
0 0.30649038461538464 0.2668269230769231 0.057692307692307696 0.078125
0 0.2512019230769231 0.16826923076923078 0.051682692307692304 0.06971153846153846
0 0.2932692307692308 0.038461538461538464 0.052884615384615384 0.06370192307692307
0 0.0673076923076923 0.030048076923076924 0.07211538461538461 0.04326923076923077
0 0.24519230769230768 0.28846153846153844 0.037259615384615384 0.04326923076923077
0 0.6598557692307693 0.08653846153846154 0.06971153846153846 0.03485576923076923
0 0.7848557692307693 0.08052884615384616 0.06610576923076923 0.03245192307692308
0 0.34134615384615385 0.5697115384615384 0.06370192307692307 0.051682692307692304
0 0.7367788461538461 0.48677884615384615 0.07692307692307693 0.057692307692307696
0 0.11298076923076923 0.7716346153846154 0.06971153846153846 0.046875
0 0.20192307692307693 0.9759615384615384 0.06610576923076923 0.036057692307692304
0 0.6478365384615384 0.8257211538461539 0.06129807692307692 0.057692307692307696
0 0.7043269230769231 0.8762019230769231 0.06971153846153846 0.06850961538461539
0 0.7632211538461539 0.9266826923076923 0.0733173076923077 0.06850961538461539
0 0.8221153846153846 0.96875 0.07211538461538461 0.0625