0 0.46274038461538464 0.5637019230769231 0.0673076923076923 0.05889423076923077
0 0.375 0.6081730769230769 0.06610576923076923 0.05048076923076923
0 0.30649038461538464 0.265625 0.056490384615384616 0.07451923076923077
0 0.24879807692307693 0.16466346153846154 0.051682692307692304 0.06971153846153846
0 0.2956730769230769 0.03485576923076923 0.052884615384615384 0.06610576923076923
0 0.0673076923076923 0.026442307692307692 0.07211538461538461 0.04326923076923077
0 0.24278846153846154 0.2860576923076923 0.038461538461538464 0.046875
0 0.6706730769230769 0.08052884615384616 0.06850961538461539 0.03245192307692308
0 0.7932692307692307 0.07692307692307693 0.06370192307692307 0.03245192307692308
0 0.4230769230769231 0.5336538461538461 0.06370192307692307 0.051682692307692304
0 0.6814903846153846 0.5180288461538461 0.07451923076923077 0.055288461538461536
0 0.04326923076923077 0.7932692307692307 0.07211538461538461 0.04567307692307692
0 0.20072115384615385 0.9735576923076923 0.06370192307692307 0.03485576923076923
0 0.6586538461538461 0.8221153846153846 0.057692307692307696 0.056490384615384616
0 0.7127403846153846 0.8737980769230769 0.0673076923076923 0.06610576923076923
0 0.7728365384615384 0.9230769230769231 0.06971153846153846 0.06370192307692307
0 0.8341346153846154 0.9663461538461539 0.06971153846153846 0.06370192307692307