0 0.2127403846153846 0.5637019230769231 0.0673076923076923 0.05889423076923077
0 0.125 0.6081730769230769 0.06610576923076923 0.05048076923076923
0 0.056490384615384616 0.265625 0.056490384615384616 0.07451923076923077
0 0.01201923076923077 0.16466346153846154 0.02403846153846154 0.06971153846153846
0 0.04567307692307692 0.03485576923076923 0.052884615384615384 0.06610576923076923
0 0.4206730769230769 0.08052884615384616 0.06850961538461539 0.03245192307692308
0 0.5432692307692307 0.07692307692307693 0.06370192307692307 0.03245192307692308
0 0.17307692307692307 0.5336538461538461 0.06370192307692307 0.051682692307692304
0 0.7980769230769231 0.3173076923076923 0.07211538461538461 0.056490384615384616
0 0.43149038461538464 0.5180288461538461 0.07451923076923077 0.055288461538461536
0 0.40865384615384615 0.8221153846153846 0.057692307692307696 0.056490384615384616
0 0.46274038461538464 0.8737980769230769 0.0673076923076923 0.06610576923076923
0 0.5228365384615384 0.9230769230769231 0.06971153846153846 0.06370192307692307
0 0.5841346153846154 0.9663461538461539 0.06971153846153846 0.06370192307692307
0 0.8341346153846154 0.4579326923076923 0.03485576923076923 0.06610576923076923
0 0.8137019230769231 0.6550480769230769 0.040865384615384616 0.06370192307692307
0 0.7872596153846154 0.8365384615384616 0.037259615384615384 0.0733173076923077
0 0.8557692307692307 0.6237980769230769 0.037259615384615384 0.07692307692307693
0 0.8942307692307693 0.6274038461538461 0.038461538461538464 0.07932692307692307
0 0.8725961538461539 0.8052884615384616 0.036057692307692304 0.07211538461538461