0 0.2091346153846154 0.5564903846153846 0.06370192307692307 0.06370192307692307
0 0.11538461538461539 0.6105769230769231 0.06370192307692307 0.05048076923076923
0 0.056490384615384616 0.2668269230769231 0.057692307692307696 0.078125
0 0.013221153846153846 0.16826923076923078 0.026442307692307692 0.06971153846153846
0 0.04326923076923077 0.038461538461538464 0.052884615384615384 0.06370192307692307
0 0.4098557692307692 0.08653846153846154 0.06971153846153846 0.03485576923076923
0 0.5348557692307693 0.08052884615384616 0.06610576923076923 0.03245192307692308
0 0.09134615384615384 0.5697115384615384 0.06370192307692307 0.051682692307692304
0 0.8569711538461539 0.28725961538461536 0.0733173076923077 0.056490384615384616
0 0.48677884615384615 0.48677884615384615 0.07692307692307693 0.057692307692307696
0 0.39783653846153844 0.8257211538461539 0.06129807692307692 0.057692307692307696
0 0.4543269230769231 0.8762019230769231 0.06971153846153846 0.06850961538461539
0 0.5132211538461539 0.9266826923076923 0.0733173076923077 0.06850961538461539
0 0.5721153846153846 0.96875 0.07211538461538461 0.0625
0 0.8245192307692307 0.46033653846153844 0.03485576923076923 0.0673076923076923
0 0.8064903846153846 0.6574519230769231 0.036057692307692304 0.0625
0 0.7800480769230769 0.8377403846153846 0.03485576923076923 0.06850961538461539
0 0.8497596153846154 0.6189903846153846 0.036057692307692304 0.07692307692307693
0 0.8870192307692307 0.6310096153846154 0.038461538461538464 0.07932692307692307
0 0.8629807692307693 0.8076923076923077 0.038461538461538464 0.07211538461538461