0 0.4879807692307692 0.31009615384615385 0.1141826923076923 0.055288461538461536
0 0.35336538461538464 0.28846153846153844 0.09014423076923077 0.046875
0 0.21754807692307693 0.2824519230769231 0.0889423076923077 0.040865384615384616
0 0.11057692307692307 0.2800480769230769 0.08774038461538461 0.04326923076923077
0 0.8425480769230769 0.14903846153846154 0.040865384615384616 0.10096153846153846
0 0.8052884615384616 0.47115384615384615 0.10576923076923077 0.057692307692307696
0 0.9579326923076923 0.6730769230769231 0.08413461538461539 0.07692307692307693
0 0.10817307692307693 0.6550480769230769 0.09014423076923077 0.040865384615384616
0 0.20192307692307693 0.65625 0.0625 0.040865384615384616
0 0.3004807692307692 0.6634615384615384 0.10576923076923077 0.040865384615384616
0 0.4375 0.6754807692307693 0.09975961538461539 0.04567307692307692
0 0.6790865384615384 0.6899038461538461 0.07932692307692307 0.04807692307692308