0 0.5480769230769231 0.5192307692307693 0.11057692307692307 0.04567307692307692
0 0.22596153846153846 0.2848557692307692 0.10576923076923077 0.042067307692307696
0 0.43149038461538464 0.2403846153846154 0.10336538461538461 0.04807692307692308
0 0.30408653846153844 0.23197115384615385 0.0889423076923077 0.04567307692307692
0 0.1778846153846154 0.2247596153846154 0.10336538461538461 0.046875
0 0.7295673076923077 0.3137019230769231 0.09975961538461539 0.04326923076923077
0 0.4014423076923077 0.3473557692307692 0.09975961538461539 0.04807692307692308
0 0.9795673076923077 0.27884615384615385 0.040865384615384616 0.042067307692307696
0 0.8533653846153846 0.2644230769230769 0.1045673076923077 0.04326923076923077
0 0.140625 0.6322115384615384 0.10336538461538461 0.04326923076923077
0 0.26322115384615385 0.6298076923076923 0.10096153846153846 0.040865384615384616
0 0.4699519230769231 0.6237980769230769 0.09254807692307693 0.040865384615384616
0 0.5841346153846154 0.6286057692307693 0.0889423076923077 0.04326923076923077
0 0.7115384615384616 0.6358173076923077 0.08653846153846154 0.046875
0 0.8473557692307693 0.6418269230769231 0.10817307692307693 0.046875
0 0.9603365384615384 0.6514423076923077 0.07932692307692307 0.04807692307692308
0 0.31971153846153844 0.41466346153846156 0.11899038461538461 0.0625