0 0.46875 0.5540865384615384 0.109375 0.051682692307692304
0 0.46875 0.3137019230769231 0.10576923076923077 0.04807692307692308
0 0.33413461538461536 0.29447115384615385 0.09014423076923077 0.04567307692307692
0 0.20192307692307693 0.28365384615384615 0.08653846153846154 0.042067307692307696
0 0.09615384615384616 0.28125 0.08653846153846154 0.040865384615384616
0 0.020432692307692308 0.2776442307692308 0.040865384615384616 0.040865384615384616
0 0.9939903846153846 0.203125 0.010817307692307692 0.08774038461538461
0 0.09014423076923077 0.3918269230769231 0.10576923076923077 0.04807692307692308
0 0.4567307692307692 0.4338942307692308 0.0889423076923077 0.04567307692307692
0 0.8004807692307693 0.48197115384615385 0.1201923076923077 0.057692307692307696
0 0.953125 0.6802884615384616 0.09375 0.07451923076923077
0 0.09735576923076923 0.6574519230769231 0.08413461538461539 0.040865384615384616
0 0.18629807692307693 0.6598557692307693 0.06129807692307692 0.037259615384615384
0 0.28725961538461536 0.6682692307692307 0.09975961538461539 0.042067307692307696
0 0.4254807692307692 0.6790865384615384 0.10096153846153846 0.04567307692307692
0 0.6646634615384616 0.6947115384615384 0.07932692307692307 0.04326923076923077