0 0.055288461538461536 0.5360576923076923 0.109375 0.08173076923076923
0 0.44711538461538464 0.29447115384615385 0.109375 0.042067307692307696
0 0.4483173076923077 0.23317307692307693 0.10336538461538461 0.042067307692307696
0 0.3269230769230769 0.22596153846153846 0.09375 0.04326923076923077
0 0.19831730769230768 0.21995192307692307 0.10336538461538461 0.04567307692307692
0 0.7548076923076923 0.36658653846153844 0.10336538461538461 0.042067307692307696
0 0.8713942307692307 0.2620192307692308 0.0985576923076923 0.037259615384615384
0 0.15264423076923078 0.6286057692307693 0.109375 0.04326923076923077
0 0.27524038461538464 0.625 0.10576923076923077 0.037259615384615384
0 0.4831730769230769 0.6189903846153846 0.09495192307692307 0.042067307692307696
0 0.5973557692307693 0.6237980769230769 0.0985576923076923 0.040865384615384616
0 0.7247596153846154 0.6298076923076923 0.08774038461538461 0.04326923076923077
0 0.8641826923076923 0.6394230769230769 0.109375 0.04807692307692308
0 0.9675480769230769 0.6490384615384616 0.06370192307692307 0.042067307692307696
0 0.7860576923076923 0.44350961538461536 0.12259615384615384 0.055288461538461536