0 0.25721153846153844 0.5384615384615384 0.109375 0.05048076923076923
0 0.47475961538461536 0.30649038461538464 0.11298076923076923 0.052884615384615384
0 0.3389423076923077 0.28846153846153844 0.08774038461538461 0.046875
0 0.20673076923076922 0.2800480769230769 0.0889423076923077 0.042067307692307696
0 0.10096153846153846 0.2764423076923077 0.08653846153846154 0.04326923076923077
0 0.8293269230769231 0.15384615384615385 0.04326923076923077 0.08653846153846154
0 0.2764423076923077 0.4074519230769231 0.10576923076923077 0.055288461538461536
0 0.640625 0.4543269230769231 0.09014423076923077 0.04567307692307692
0 0.9663461538461539 0.5048076923076923 0.0673076923076923 0.057692307692307696
0 0.9555288461538461 0.6754807692307693 0.0889423076923077 0.0733173076923077
0 0.09975961538461539 0.6526442307692307 0.0889423076923077 0.04326923076923077
0 0.19110576923076922 0.6574519230769231 0.06610576923076923 0.038461538461538464
0 0.2920673076923077 0.6658653846153846 0.10336538461538461 0.04326923076923077
0 0.42908653846153844 0.6766826923076923 0.10817307692307693 0.046875
0 0.6706730769230769 0.6923076923076923 0.07932692307692307 0.046875