0 0.5144230769230769 0.3088942307692308 0.11538461538461539 0.052884615384615384
0 0.3798076923076923 0.28846153846153844 0.09375 0.04567307692307692
0 0.20432692307692307 0.35096153846153844 0.10096153846153846 0.04807692307692308
0 0.24519230769230768 0.2800480769230769 0.09735576923076923 0.04326923076923077
0 0.13581730769230768 0.2776442307692308 0.08413461538461539 0.040865384615384616
0 0.038461538461538464 0.27524038461538464 0.07692307692307693 0.040865384615384616
0 0.8701923076923077 0.15144230769230768 0.040865384615384616 0.09735576923076923
0 0.8798076923076923 0.038461538461538464 0.037259615384615384 0.0673076923076923
0 0.8365384615384616 0.6262019230769231 0.1045673076923077 0.038461538461538464
0 0.12379807692307693 0.6538461538461539 0.09254807692307693 0.038461538461538464
0 0.21995192307692307 0.6550480769230769 0.0673076923076923 0.046875
0 0.3173076923076923 0.6634615384615384 0.11298076923076923 0.042067307692307696
0 0.4567307692307692 0.6766826923076923 0.10817307692307693 0.046875
0 0.6983173076923077 0.6911057692307693 0.08413461538461539 0.040865384615384616