0 0.16466346153846154 0.5132211538461539 0.1201923076923077 0.06129807692307692
0 0.36899038461538464 0.28846153846153844 0.10817307692307693 0.040865384615384616
0 0.44471153846153844 0.23557692307692307 0.1045673076923077 0.04567307692307692
0 0.31850961538461536 0.2283653846153846 0.0889423076923077 0.04326923076923077
0 0.19110576923076922 0.22115384615384615 0.10336538461538461 0.04807692307692308
0 0.6213942307692307 0.43149038461538464 0.11778846153846154 0.056490384615384616
0 0.6334134615384616 0.3605769230769231 0.10096153846153846 0.038461538461538464
0 0.8677884615384616 0.26322115384615385 0.09975961538461539 0.042067307692307696
0 0.15264423076923078 0.6286057692307693 0.11298076923076923 0.042067307692307696
0 0.27403846153846156 0.625 0.10336538461538461 0.037259615384615384
0 0.4795673076923077 0.6213942307692307 0.09375 0.042067307692307696
0 0.5925480769230769 0.625 0.09735576923076923 0.040865384615384616
0 0.7211538461538461 0.6286057692307693 0.0889423076923077 0.04807692307692308
0 0.8605769230769231 0.6394230769230769 0.109375 0.04567307692307692
0 0.9663461538461539 0.6490384615384616 0.0673076923076923 0.046875