0 0.7319711538461539 0.5264423076923077 0.11057692307692307 0.046875
0 0.1875 0.28365384615384615 0.10576923076923077 0.042067307692307696
0 0.4254807692307692 0.2403846153846154 0.10336538461538461 0.04567307692307692
0 0.2980769230769231 0.23076923076923078 0.0889423076923077 0.042067307692307696
0 0.17067307692307693 0.22355769230769232 0.10096153846153846 0.046875
0 0.6201923076923077 0.3088942307692308 0.09735576923076923 0.042067307692307696
0 0.33653846153846156 0.34375 0.0985576923076923 0.04326923076923077
0 0.9759615384615384 0.2776442307692308 0.04807692307692308 0.040865384615384616
0 0.8473557692307693 0.265625 0.09975961538461539 0.04326923076923077
0 0.13701923076923078 0.6334134615384616 0.10576923076923077 0.04567307692307692
0 0.25721153846153844 0.6298076923076923 0.0985576923076923 0.040865384615384616
0 0.4639423076923077 0.6237980769230769 0.09375 0.04326923076923077
0 0.5793269230769231 0.6286057692307693 0.09375 0.04326923076923077
0 0.7055288461538461 0.6358173076923077 0.0889423076923077 0.04326923076923077
0 0.8449519230769231 0.6430288461538461 0.10817307692307693 0.042067307692307696
0 0.9603365384615384 0.6514423076923077 0.07932692307692307 0.04326923076923077
0 0.2439903846153846 0.40865384615384615 0.11778846153846154 0.057692307692307696