0 0.046875 0.5324519230769231 0.09375 0.04567307692307692
0 0.47596153846153844 0.3076923076923077 0.10817307692307693 0.05048076923076923
0 0.3425480769230769 0.28725961538461536 0.09014423076923077 0.046875
0 0.2091346153846154 0.2800480769230769 0.0889423076923077 0.040865384615384616
0 0.10096153846153846 0.27524038461538464 0.08774038461538461 0.04567307692307692
0 0.02403846153846154 0.27283653846153844 0.046875 0.042067307692307696
0 0.8293269230769231 0.15264423076923078 0.038461538461538464 0.09254807692307693
0 0.47475961538461536 0.42908653846153844 0.11057692307692307 0.055288461538461536
0 0.8389423076923077 0.4831730769230769 0.09014423076923077 0.05048076923076923
0 0.9543269230769231 0.6754807692307693 0.09014423076923077 0.07692307692307693
0 0.09975961538461539 0.6538461538461539 0.0889423076923077 0.042067307692307696
0 0.19230769230769232 0.6550480769230769 0.0625 0.037259615384615384
0 0.28966346153846156 0.6646634615384616 0.1045673076923077 0.038461538461538464
0 0.4266826923076923 0.6766826923076923 0.10576923076923077 0.046875
0 0.6706730769230769 0.6887019230769231 0.0829326923076923 0.046875