0 0.14423076923076922 0.2764423076923077 0.1045673076923077 0.04326923076923077
0 0.40625 0.234375 0.09735576923076923 0.046875
0 0.2824519230769231 0.2283653846153846 0.0889423076923077 0.046875
0 0.15745192307692307 0.21995192307692307 0.09495192307692307 0.04326923076923077
0 0.2956730769230769 0.28725961538461536 0.09375 0.04567307692307692
0 0.18870192307692307 0.3317307692307692 0.09375 0.04567307692307692
0 0.9651442307692307 0.27283653846153844 0.06850961538461539 0.038461538461538464
0 0.8293269230769231 0.2620192307692308 0.10096153846153846 0.038461538461538464
0 0.12379807692307693 0.6298076923076923 0.09975961538461539 0.040865384615384616
0 0.24639423076923078 0.6274038461538461 0.09254807692307693 0.042067307692307696
0 0.4519230769230769 0.6201923076923077 0.09014423076923077 0.04326923076923077
0 0.5612980769230769 0.6225961538461539 0.09375 0.04807692307692308
0 0.6887019230769231 0.6310096153846154 0.08173076923076923 0.04567307692307692
0 0.8293269230769231 0.6394230769230769 0.1045673076923077 0.04326923076923077
0 0.9447115384615384 0.6490384615384616 0.08774038461538461 0.05048076923076923
0 0.11538461538461539 0.39783653846153844 0.11658653846153846 0.056490384615384616