0 0.8305288461538461 0.5264423076923077 0.10817307692307693 0.046875
0 0.16826923076923078 0.2824519230769231 0.10576923076923077 0.04567307692307692
0 0.41586538461538464 0.23798076923076922 0.10817307692307693 0.04807692307692308
0 0.28846153846153844 0.23076923076923078 0.08413461538461539 0.04326923076923077
0 0.16466346153846154 0.2247596153846154 0.10096153846153846 0.04567307692307692
0 0.5612980769230769 0.30528846153846156 0.10096153846153846 0.042067307692307696
0 0.30528846153846156 0.3425480769230769 0.09975961538461539 0.04807692307692308
0 0.9735576923076923 0.27403846153846156 0.052884615384615384 0.038461538461538464
0 0.8425480769230769 0.2620192307692308 0.09975961538461539 0.038461538461538464
0 0.12860576923076922 0.6322115384615384 0.1045673076923077 0.040865384615384616
0 0.25240384615384615 0.6298076923076923 0.0985576923076923 0.040865384615384616
0 0.4567307692307692 0.6237980769230769 0.09014423076923077 0.04326923076923077
0 0.5745192307692307 0.6237980769230769 0.09014423076923077 0.038461538461538464
0 0.7007211538461539 0.6310096153846154 0.0889423076923077 0.04326923076923077
0 0.8389423076923077 0.640625 0.109375 0.04326923076923077
0 0.9555288461538461 0.6490384615384616 0.0829326923076923 0.046875
0 0.21033653846153846 0.4074519230769231 0.12259615384615384 0.06370192307692307