0 0.30649038461538464 0.5108173076923077 0.11298076923076923 0.046875
0 0.3004807692307692 0.28725961538461536 0.10576923076923077 0.042067307692307696
0 0.43990384615384615 0.23557692307692307 0.10096153846153846 0.04326923076923077
0 0.3137019230769231 0.22956730769230768 0.09014423076923077 0.04326923076923077
0 0.18629807692307693 0.2247596153846154 0.10096153846153846 0.04807692307692308
0 0.9134615384615384 0.328125 0.09975961538461539 0.046875
0 0.5276442307692307 0.3545673076923077 0.09975961538461539 0.037259615384615384
0 0.8629807692307693 0.2644230769230769 0.10096153846153846 0.040865384615384616
0 0.1466346153846154 0.6322115384615384 0.109375 0.04567307692307692
0 0.2704326923076923 0.6262019230769231 0.10336538461538461 0.04326923076923077
0 0.47596153846153844 0.6213942307692307 0.09254807692307693 0.040865384615384616
0 0.5889423076923077 0.6286057692307693 0.09375 0.040865384615384616
0 0.7175480769230769 0.6334134615384616 0.08774038461538461 0.04567307692307692
0 0.8557692307692307 0.6430288461538461 0.109375 0.04567307692307692
0 0.48197115384615385 0.4254807692307692 0.1201923076923077 0.057692307692307696