0 0.49759615384615385 0.3173076923076923 0.1141826923076923 0.052884615384615384
0 0.3629807692307692 0.2956730769230769 0.09254807692307693 0.04326923076923077
0 0.2283653846153846 0.28725961538461536 0.09495192307692307 0.04326923076923077
0 0.12379807692307693 0.2824519230769231 0.0829326923076923 0.040865384615384616
0 0.03245192307692308 0.28125 0.06370192307692307 0.040865384615384616
0 0.8557692307692307 0.15504807692307693 0.04567307692307692 0.0985576923076923
0 0.8653846153846154 0.039663461538461536 0.036057692307692304 0.06971153846153846
0 0.9038461538461539 0.6466346153846154 0.10817307692307693 0.056490384615384616
0 0.11057692307692307 0.6610576923076923 0.09375 0.040865384615384616
0 0.20793269230769232 0.6634615384615384 0.06610576923076923 0.042067307692307696
0 0.30408653846153844 0.6706730769230769 0.11057692307692307 0.038461538461538464
0 0.44591346153846156 0.6814903846153846 0.10817307692307693 0.046875
0 0.6838942307692307 0.6971153846153846 0.0829326923076923 0.04326923076923077