0 0.14903846153846154 0.28125 0.1045673076923077 0.04326923076923077
0 0.41346153846153844 0.2403846153846154 0.10096153846153846 0.04567307692307692
0 0.28846153846153844 0.23076923076923078 0.08653846153846154 0.04567307692307692
0 0.15865384615384615 0.2247596153846154 0.10096153846153846 0.042067307692307696
0 0.32211538461538464 0.2932692307692308 0.09495192307692307 0.042067307692307696
0 0.20673076923076922 0.33774038461538464 0.09495192307692307 0.04567307692307692
0 0.96875 0.2776442307692308 0.0625 0.040865384615384616
0 0.8341346153846154 0.2668269230769231 0.10336538461538461 0.042067307692307696
0 0.12740384615384615 0.6334134615384616 0.10096153846153846 0.042067307692307696
0 0.2512019230769231 0.6310096153846154 0.09375 0.042067307692307696
0 0.4543269230769231 0.6262019230769231 0.08653846153846154 0.042067307692307696
0 0.5661057692307693 0.6286057692307693 0.09375 0.046875
0 0.6935096153846154 0.6346153846153846 0.08413461538461539 0.04567307692307692
0 0.8317307692307693 0.6442307692307693 0.1045673076923077 0.04326923076923077
0 0.9495192307692307 0.6526442307692307 0.08173076923076923 0.04807692307692308
0 0.12139423076923077 0.4014423076923077 0.11538461538461539 0.052884615384615384