0 0.14302884615384615 0.5372596153846154 0.10817307692307693 0.051682692307692304
0 0.4699519230769231 0.3112980769230769 0.11057692307692307 0.056490384615384616
0 0.33653846153846156 0.29086538461538464 0.08774038461538461 0.04567307692307692
0 0.20192307692307693 0.2824519230769231 0.09014423076923077 0.042067307692307696
0 0.09495192307692307 0.2800480769230769 0.08413461538461539 0.04326923076923077
0 0.8245192307692307 0.15504807692307693 0.04567307692307692 0.0889423076923077
0 0.36899038461538464 0.4182692307692308 0.10576923076923077 0.051682692307692304
0 0.7319711538461539 0.4699519230769231 0.0889423076923077 0.04807692307692308
0 0.9519230769230769 0.6778846153846154 0.09495192307692307 0.07451923076923077
0 0.09375 0.6550480769230769 0.08774038461538461 0.042067307692307696
0 0.2848557692307692 0.6658653846153846 0.1045673076923077 0.04326923076923077
0 0.4230769230769231 0.6778846153846154 0.10096153846153846 0.04567307692307692
0 0.6658653846153846 0.6923076923076923 0.08173076923076923 0.04326923076923077