0 0.5072115384615384 0.3088942307692308 0.11778846153846154 0.052884615384615384
0 0.37259615384615385 0.29086538461538464 0.09254807692307693 0.04326923076923077
0 0.052884615384615384 0.3389423076923077 0.10096153846153846 0.05048076923076923
0 0.2403846153846154 0.2824519230769231 0.09495192307692307 0.042067307692307696
0 0.1310096153846154 0.2776442307692308 0.08173076923076923 0.040865384615384616
0 0.036057692307692304 0.27403846153846156 0.07211538461538461 0.038461538461538464
0 0.8605769230769231 0.15384615384615385 0.04326923076923077 0.09495192307692307
0 0.8762019230769231 0.037259615384615384 0.03245192307692308 0.06610576923076923
0 0.8858173076923077 0.6334134615384616 0.10576923076923077 0.04567307692307692
0 0.11899038461538461 0.65625 0.09254807692307693 0.040865384615384616
0 0.21394230769230768 0.65625 0.06850961538461539 0.04326923076923077
0 0.3112980769230769 0.6646634615384616 0.109375 0.042067307692307696
0 0.4519230769230769 0.6766826923076923 0.1045673076923077 0.046875
0 0.6947115384615384 0.6935096153846154 0.08653846153846154 0.046875