0 0.4855769230769231 0.3161057692307692 0.1141826923076923 0.051682692307692304
0 0.3485576923076923 0.2980769230769231 0.09375 0.04567307692307692
0 0.21514423076923078 0.28725961538461536 0.09375 0.04567307692307692
0 0.10697115384615384 0.2824519230769231 0.08653846153846154 0.046875
0 0.025240384615384616 0.28125 0.05048076923076923 0.040865384615384616
0 0.8401442307692307 0.15264423076923078 0.040865384615384616 0.10096153846153846
0 0.9170673076923077 0.49278846153846156 0.10576923076923077 0.055288461538461536
0 0.9543269230769231 0.6778846153846154 0.09014423076923077 0.07932692307692307
0 0.10336538461538461 0.6622596153846154 0.09375 0.04567307692307692
0 0.19471153846153846 0.6634615384615384 0.0625 0.042067307692307696
0 0.29447115384615385 0.6694711538461539 0.1141826923076923 0.042067307692307696
0 0.43509615384615385 0.6826923076923077 0.10096153846153846 0.046875
0 0.6754807692307693 0.6935096153846154 0.08173076923076923 0.04807692307692308