0 0.14903846153846154 0.2776442307692308 0.1045673076923077 0.04567307692307692
0 0.4098557692307692 0.234375 0.10096153846153846 0.046875
0 0.2848557692307692 0.2283653846153846 0.08653846153846154 0.046875
0 0.15985576923076922 0.22115384615384615 0.09735576923076923 0.04567307692307692
0 0.34975961538461536 0.29086538461538464 0.09375 0.046875
0 0.21754807692307693 0.33413461538461536 0.09735576923076923 0.04326923076923077
0 0.9675480769230769 0.27403846153846156 0.06370192307692307 0.040865384615384616
0 0.8329326923076923 0.2620192307692308 0.10336538461538461 0.040865384615384616
0 0.125 0.6274038461538461 0.10576923076923077 0.042067307692307696
0 0.24879807692307693 0.6262019230769231 0.09254807692307693 0.040865384615384616
0 0.4543269230769231 0.6201923076923077 0.08653846153846154 0.04326923076923077
0 0.5661057692307693 0.6237980769230769 0.09375 0.04567307692307692
0 0.6935096153846154 0.6310096153846154 0.08653846153846154 0.042067307692307696
0 0.8305288461538461 0.6394230769230769 0.10096153846153846 0.04567307692307692
0 0.9495192307692307 0.6490384615384616 0.08173076923076923 0.046875
0 0.12740384615384615 0.39663461538461536 0.11778846153846154 0.06009615384615385