0 0.15625 0.2776442307692308 0.10576923076923077 0.04326923076923077
0 0.41466346153846156 0.234375 0.1045673076923077 0.046875
0 0.29086538461538464 0.22716346153846154 0.08413461538461539 0.042067307692307696
0 0.16346153846153846 0.21995192307692307 0.09735576923076923 0.042067307692307696
0 0.4699519230769231 0.2980769230769231 0.0985576923076923 0.04326923076923077
0 0.2668269230769231 0.33653846153846156 0.09735576923076923 0.040865384615384616
0 0.9711538461538461 0.27163461538461536 0.057692307692307696 0.04326923076923077
0 0.8389423076923077 0.2620192307692308 0.09975961538461539 0.04326923076923077
0 0.12860576923076922 0.6286057692307693 0.10096153846153846 0.04567307692307692
0 0.2536057692307692 0.6262019230769231 0.09495192307692307 0.04326923076923077
0 0.4567307692307692 0.6213942307692307 0.08653846153846154 0.04567307692307692
0 0.5721153846153846 0.6262019230769231 0.0889423076923077 0.042067307692307696
0 0.6995192307692307 0.6298076923076923 0.0889423076923077 0.04326923076923077
0 0.8353365384615384 0.6394230769230769 0.10817307692307693 0.046875
0 0.9543269230769231 0.6466346153846154 0.08173076923076923 0.04326923076923077
0 0.17067307692307693 0.4026442307692308 0.11778846153846154 0.06370192307692307