0 0.359375 0.5432692307692307 0.109375 0.05048076923076923
0 0.4699519230769231 0.3076923076923077 0.11057692307692307 0.052884615384615384
0 0.33413461538461536 0.29086538461538464 0.09014423076923077 0.046875
0 0.20192307692307693 0.2800480769230769 0.09014423076923077 0.04326923076923077
0 0.09615384615384616 0.27524038461538464 0.08653846153846154 0.042067307692307696
0 0.17908653846153846 0.3942307692307692 0.10817307692307693 0.051682692307692304
0 0.5420673076923077 0.4411057692307692 0.09014423076923077 0.046875
0 0.8930288461538461 0.49038461538461536 0.1201923076923077 0.05889423076923077
0 0.9519230769230769 0.6742788461538461 0.09495192307692307 0.07692307692307693
0 0.09495192307692307 0.6502403846153846 0.08413461538461539 0.042067307692307696
0 0.18509615384615385 0.6550480769230769 0.06370192307692307 0.042067307692307696
0 0.28725961538461536 0.6658653846153846 0.10096153846153846 0.040865384615384616
0 0.4254807692307692 0.6754807692307693 0.10336538461538461 0.04807692307692308
0 0.6646634615384616 0.6911057692307693 0.0829326923076923 0.046875