0 0.5432692307692307 0.29927884615384615 0.11057692307692307 0.04807692307692308
0 0.4651442307692308 0.23677884615384615 0.10096153846153846 0.042067307692307696
0 0.3425480769230769 0.2283653846153846 0.09014423076923077 0.042067307692307696
0 0.21514423076923078 0.22355769230769232 0.10096153846153846 0.046875
0 0.8954326923076923 0.3762019230769231 0.10336538461538461 0.04326923076923077
0 0.8870192307692307 0.26322115384615385 0.0985576923076923 0.042067307692307696
0 0.171875 0.6322115384615384 0.109375 0.040865384615384616
0 0.2932692307692308 0.6286057692307693 0.10817307692307693 0.038461538461538464
0 0.5 0.6237980769230769 0.09375 0.03485576923076923
0 0.6153846153846154 0.6262019230769231 0.09735576923076923 0.038461538461538464
0 0.7403846153846154 0.6346153846153846 0.09495192307692307 0.04326923076923077
0 0.8798076923076923 0.6442307692307693 0.11298076923076923 0.04567307692307692
0 0.9747596153846154 0.6502403846153846 0.05048076923076923 0.04326923076923077