0 0.1502403846153846 0.203125 0.10817307692307693 0.06610576923076923
0 0.2403846153846154 0.09495192307692307 0.12620192307692307 0.06610576923076923
0 0.47475961538461536 0.24158653846153846 0.10817307692307693 0.06129807692307692
0 0.040865384615384616 0.421875 0.08173076923076923 0.07211538461538461
0 0.46274038461538464 0.8004807692307693 0.051682692307692304 0.11778846153846154
0 0.5492788461538461 0.8413461538461539 0.055288461538461536 0.1141826923076923
0 0.6394230769230769 0.1310096153846154 0.12139423076923077 0.04326923076923077
0 0.8425480769230769 0.1971153846153846 0.1141826923076923 0.04807692307692308
0 0.7824519230769231 0.33413461538461536 0.10817307692307693 0.051682692307692304
0 0.6382211538461539 0.21394230769230768 0.125 0.0625
0 0.5012019230769231 0.9591346153846154 0.056490384615384616 0.08052884615384616