0 0.09975961538461539 0.15745192307692307 0.11778846153846154 0.052884615384615384
0 0.2848557692307692 0.16706730769230768 0.11057692307692307 0.056490384615384616
0 0.44350961538461536 0.18990384615384615 0.10336538461538461 0.055288461538461536
0 0.27163461538461536 0.24639423076923078 0.11778846153846154 0.052884615384615384
0 0.12139423076923077 0.23317307692307693 0.1045673076923077 0.051682692307692304
0 0.31490384615384615 0.35216346153846156 0.0985576923076923 0.051682692307692304
0 0.6995192307692307 0.22235576923076922 0.125 0.055288461538461536
0 0.5637019230769231 0.1310096153846154 0.11298076923076923 0.055288461538461536
0 0.703125 0.14302884615384615 0.10576923076923077 0.04807692307692308
0 0.8713942307692307 0.17668269230769232 0.109375 0.05889423076923077
0 0.9086538461538461 0.24759615384615385 0.13221153846153846 0.06370192307692307
0 0.09615384615384616 0.07932692307692307 0.171875 0.06490384615384616