0 0.5757211538461539 0.05048076923076923 0.09254807692307693 0.10096153846153846
0 0.4387019230769231 0.10096153846153846 0.10817307692307693 0.1658653846153846
0 0.5480769230769231 0.21033653846153846 0.0889423076923077 0.15144230769230768
0 0.41466346153846156 0.30528846153846156 0.0889423076923077 0.18870192307692307
0 0.5372596153846154 0.4026442307692308 0.0889423076923077 0.1814903846153846
0 0.6514423076923077 0.4074519230769231 0.09735576923076923 0.19951923076923078
0 0.3713942307692308 0.5264423076923077 0.09975961538461539 0.203125
0 0.5072115384615384 0.7103365384615384 0.09495192307692307 0.21153846153846154
0 0.6466346153846154 0.6634615384615384 0.0889423076923077 0.1875
0 0.35336538461538464 0.7848557692307693 0.09975961538461539 0.19951923076923078
0 0.47475961538461536 0.9375 0.0985576923076923 0.125
0 0.6334134615384616 0.9278846153846154 0.11057692307692307 0.14423076923076922
0 0.33533653846153844 0.9579326923076923 0.0985576923076923 0.08413461538461539