0 0.4675480769230769 0.4735576923076923 0.078125 0.040865384615384616
0 0.9723557692307693 0.49278846153846156 0.055288461538461536 0.040865384615384616
0 0.8269230769230769 0.49399038461538464 0.07932692307692307 0.040865384615384616
0 0.7067307692307693 0.49399038461538464 0.08774038461538461 0.03485576923076923
0 0.7043269230769231 0.5348557692307693 0.09375 0.038461538461538464
0 0.9615384615384616 0.7980769230769231 0.07692307692307693 0.040865384615384616
0 0.10096153846153846 0.8028846153846154 0.0985576923076923 0.037259615384615384
0 0.20192307692307693 0.8834134615384616 0.09375 0.057692307692307696
0 0.5168269230769231 0.9375 0.04567307692307692 0.08413461538461539
0 0.21995192307692307 0.6466346153846154 0.09254807692307693 0.04927884615384615
0 0.3858173076923077 0.6850961538461539 0.09615384615384616 0.10216346153846154