0 0.46033653846153844 0.6682692307692307 0.051682692307692304 0.06370192307692307
0 0.39663461538461536 0.5793269230769231 0.052884615384615384 0.06850961538461539
0 0.9278846153846154 0.6742788461538461 0.057692307692307696 0.07932692307692307
0 0.9507211538461539 0.8641826923076923 0.057692307692307696 0.08413461538461539
0 0.75 0.8004807692307693 0.10576923076923077 0.04807692307692308
0 0.7512019230769231 0.9519230769230769 0.11538461538461539 0.04807692307692308
0 0.7403846153846154 0.9867788461538461 0.11298076923076923 0.026442307692307692
0 0.10336538461538461 0.6610576923076923 0.0889423076923077 0.06610576923076923
0 0.12379807692307693 0.6153846153846154 0.10096153846153846 0.06370192307692307
0 0.1201923076923077 0.5805288461538461 0.09975961538461539 0.055288461538461536
0 0.12379807692307693 0.5480769230769231 0.10096153846153846 0.052884615384615384
0 0.1466346153846154 0.49278846153846156 0.10576923076923077 0.056490384615384616
0 0.9134615384615384 0.5168269230769231 0.04807692307692308 0.06610576923076923
0 0.90625 0.453125 0.040865384615384616 0.052884615384615384
0 0.9002403846153846 0.390625 0.042067307692307696 0.0625
0 0.8942307692307693 0.33052884615384615 0.04326923076923077 0.06370192307692307
0 0.8822115384615384 0.2283653846153846 0.042067307692307696 0.056490384615384616
0 0.8762019230769231 0.17908653846153846 0.04326923076923077 0.057692307692307696
0 0.8725961538461539 0.11658653846153846 0.042067307692307696 0.051682692307692304
0 0.4375 0.13942307692307693 0.04326923076923077 0.04807692307692308
0 0.47596153846153844 0.4110576923076923 0.04567307692307692 0.056490384615384616
0 0.30649038461538464 0.22235576923076922 0.038461538461538464 0.056490384615384616
0 0.8701923076923077 0.0733173076923077 0.037259615384615384 0.04326923076923077
0 0.8677884615384616 0.02403846153846154 0.040865384615384616 0.04807692307692308
0 0.9507211538461539 0.9615384615384616 0.06009615384615385 0.07692307692307693
0 0.5144230769230769 0.037259615384615384 0.04567307692307692 0.055288461538461536