0 0.019230769230769232 0.7536057692307693 0.038461538461538464 0.14543269230769232
0 0.03245192307692308 0.6790865384615384 0.06370192307692307 0.12620192307692307
0 0.35216346153846156 0.5384615384615384 0.0985576923076923 0.15264423076923078
0 0.5625 0.4543269230769231 0.10576923076923077 0.1346153846153846
0 0.6237980769230769 0.44350961538461536 0.09375 0.125
0 0.6682692307692307 0.4110576923076923 0.09375 0.140625
0 0.46274038461538464 0.7920673076923077 0.09254807692307693 0.06850961538461539
0 0.4951923076923077 0.8557692307692307 0.12139423076923077 0.07451923076923077
0 0.5324519230769231 0.9254807692307693 0.11778846153846154 0.0889423076923077
0 0.7752403846153846 0.8317307692307693 0.11899038461538461 0.07451923076923077
0 0.8149038461538461 0.6538461538461539 0.1141826923076923 0.08653846153846154
0 0.8317307692307693 0.35096153846153844 0.08653846153846154 0.12620192307692307
0 0.8870192307692307 0.3329326923076923 0.1045673076923077 0.1310096153846154
0 0.9314903846153846 0.8497596153846154 0.10096153846153846 0.0829326923076923
0 0.9675480769230769 0.28725961538461536 0.06370192307692307 0.1310096153846154
0 0.9627403846153846 0.9038461538461539 0.0733173076923077 0.07692307692307693
0 0.8557692307692307 0.9519230769230769 0.171875 0.09254807692307693