0 0.21033653846153846 0.6334134615384616 0.06370192307692307 0.0985576923076923
0 0.328125 0.6478365384615384 0.056490384615384616 0.0889423076923077
0 0.4362980769230769 0.5144230769230769 0.0673076923076923 0.09254807692307693
0 0.46033653846153844 0.15264423076923078 0.051682692307692304 0.06370192307692307
0 0.39663461538461536 0.06370192307692307 0.052884615384615384 0.06850961538461539
0 0.9278846153846154 0.15865384615384615 0.057692307692307696 0.07932692307692307
0 0.9507211538461539 0.3485576923076923 0.057692307692307696 0.08413461538461539
0 0.9783653846153846 0.7403846153846154 0.042067307692307696 0.11778846153846154
0 0.9807692307692307 0.8653846153846154 0.037259615384615384 0.10336538461538461
0 0.75 0.2848557692307692 0.10576923076923077 0.04807692307692308
0 0.7463942307692307 0.33052884615384615 0.11298076923076923 0.042067307692307696
0 0.7463942307692307 0.390625 0.1045673076923077 0.052884615384615384
0 0.7512019230769231 0.4362980769230769 0.11538461538461539 0.04807692307692308
0 0.7403846153846154 0.4795673076923077 0.11298076923076923 0.04326923076923077
0 0.7572115384615384 0.5204326923076923 0.11538461538461539 0.046875
0 0.7536057692307693 0.6466346153846154 0.12860576923076922 0.05048076923076923
0 0.7536057692307693 0.6899038461538461 0.14423076923076922 0.06971153846153846
0 0.7584134615384616 0.7776442307692307 0.14182692307692307 0.055288461538461536
0 0.7620192307692307 0.8269230769230769 0.12980769230769232 0.0625
0 0.7716346153846154 0.9723557692307693 0.125 0.055288461538461536
0 0.7620192307692307 0.9182692307692307 0.12980769230769232 0.0625
0 0.7644230769230769 0.8762019230769231 0.12620192307692307 0.055288461538461536
0 0.10336538461538461 0.14543269230769232 0.0889423076923077 0.06610576923076923
0 0.12379807692307693 0.09975961538461539 0.10096153846153846 0.06370192307692307
0 0.1201923076923077 0.06490384615384616 0.09975961538461539 0.055288461538461536
0 0.12379807692307693 0.03245192307692308 0.10096153846153846 0.052884615384615384
0 0.9170673076923077 0.07572115384615384 0.04807692307692308 0.08052884615384616
0 0.9134615384615384 0.016826923076923076 0.04807692307692308 0.03365384615384615
0 0.9507211538461539 0.4543269230769231 0.052884615384615384 0.10096153846153846
0 0.7860576923076923 0.5997596153846154 0.057692307692307696 0.04567307692307692