0 0.9387019230769231 0.9447115384615384 0.1141826923076923 0.109375
0 0.4411057692307692 0.9302884615384616 0.10336538461538461 0.13942307692307693
0 0.5853365384615384 0.8641826923076923 0.1045673076923077 0.1622596153846154
0 0.4699519230769231 0.7439903846153846 0.09735576923076923 0.18269230769230768
0 0.6189903846153846 0.6598557692307693 0.09254807692307693 0.15144230769230768
0 0.5 0.515625 0.09735576923076923 0.1658653846153846
0 0.6478365384615384 0.4807692307692308 0.11057692307692307 0.15985576923076922
0 0.6574519230769231 0.2980769230769231 0.10817307692307693 0.16826923076923078
0 0.6862980769230769 0.09735576923076923 0.09254807692307693 0.19230769230769232
0 0.5456730769230769 0.27884615384615385 0.1141826923076923 0.2668269230769231
0 0.5889423076923077 0.0673076923076923 0.08533653846153846 0.13341346153846154
0 0.3125 0.5685096153846154 0.16466346153846154 0.2668269230769231