0 0.23076923076923078 0.1814903846153846 0.140625 0.057692307692307696
0 0.18389423076923078 0.10216346153846154 0.1310096153846154 0.055288461538461536
0 0.42908653846153844 0.09495192307692307 0.12379807692307693 0.056490384615384616
0 0.6177884615384616 0.09975961538461539 0.14182692307692307 0.05889423076923077
0 0.41947115384615385 0.16466346153846154 0.12620192307692307 0.055288461538461536
0 0.5949519230769231 0.1658653846153846 0.12620192307692307 0.051682692307692304
0 0.7536057692307693 0.1658653846153846 0.12139423076923077 0.04807692307692308
0 0.7536057692307693 0.24639423076923078 0.12980769230769232 0.04326923076923077
0 0.9230769230769231 0.25 0.12980769230769232 0.052884615384615384
0 0.9074519230769231 0.171875 0.13581730769230768 0.05889423076923077
0 0.8605769230769231 0.09495192307692307 0.1310096153846154 0.05889423076923077
0 0.30649038461538464 0.41586538461538464 0.12620192307692307 0.057692307692307696