0 0.23197115384615385 0.5540865384615384 0.0985576923076923 0.042067307692307696
0 0.3894230769230769 0.5192307692307693 0.09375 0.037259615384615384
0 0.8810096153846154 0.5168269230769231 0.08413461538461539 0.038461538461538464
0 0.9627403846153846 0.8004807692307693 0.07451923076923077 0.036057692307692304
0 0.8221153846153846 0.8052884615384616 0.09495192307692307 0.04326923076923077
0 0.6862980769230769 0.8088942307692307 0.10096153846153846 0.04326923076923077
0 0.5612980769230769 0.8112980769230769 0.09735576923076923 0.04326923076923077
0 0.6153846153846154 0.8737980769230769 0.10096153846153846 0.04567307692307692
0 0.7740384615384616 0.8737980769230769 0.10336538461538461 0.04326923076923077
0 0.9098557692307693 0.8569711538461539 0.09495192307692307 0.042067307692307696
0 0.4411057692307692 0.8762019230769231 0.11778846153846154 0.052884615384615384