0 0.46274038461538464 0.1045673076923077 0.09254807692307693 0.06850961538461539
0 0.4951923076923077 0.16826923076923078 0.12139423076923077 0.07451923076923077
0 0.5324519230769231 0.23798076923076922 0.11778846153846154 0.0889423076923077
0 0.7752403846153846 0.14423076923076922 0.11899038461538461 0.07451923076923077
0 0.5528846153846154 0.5528846153846154 0.11538461538461539 0.0829326923076923
0 0.5949519230769231 0.3713942307692308 0.11899038461538461 0.07932692307692307
0 0.4483173076923077 0.3581730769230769 0.11538461538461539 0.08413461538461539
0 0.7884615384615384 0.7115384615384616 0.1201923076923077 0.0829326923076923
0 0.41225961538461536 0.8665865384615384 0.1141826923076923 0.0889423076923077
0 0.8629807692307693 0.9074519230769231 0.08774038461538461 0.140625
0 0.7740384615384616 0.9278846153846154 0.078125 0.12379807692307693
0 0.8846153846153846 0.33774038461538464 0.125 0.08774038461538461
0 0.9314903846153846 0.1622596153846154 0.10096153846153846 0.0829326923076923
0 0.5360576923076923 0.4891826923076923 0.15745192307692307 0.10697115384615384
0 0.8557692307692307 0.27283653846153844 0.18028846153846154 0.09975961538461539
0 0.9579326923076923 0.21754807692307693 0.08413461538461539 0.08774038461538461
0 0.9519230769230769 0.4639423076923077 0.0889423076923077 0.0829326923076923