0 0.49278846153846156 0.8221153846153846 0.04326923076923077 0.08173076923076923
0 0.7079326923076923 0.6850961538461539 0.09375 0.04567307692307692
0 0.11057692307692307 0.5817307692307693 0.0889423076923077 0.042067307692307696
0 0.23317307692307693 0.5877403846153846 0.07211538461538461 0.040865384615384616
0 0.12139423076923077 0.5216346153846154 0.09735576923076923 0.04567307692307692
0 0.23918269230769232 0.46274038461538464 0.08774038461538461 0.057692307692307696
0 0.4675480769230769 0.4807692307692308 0.08774038461538461 0.04326923076923077
0 0.625 0.484375 0.09735576923076923 0.052884615384615384
0 0.7223557692307693 0.49158653846153844 0.0625 0.042067307692307696
0 0.84375 0.49399038461538464 0.08173076923076923 0.040865384615384616
0 0.8882211538461539 0.44471153846153844 0.07932692307692307 0.040865384615384616
0 0.7872596153846154 0.4423076923076923 0.07692307692307693 0.040865384615384616
0 0.6959134615384616 0.4387019230769231 0.0733173076923077 0.042067307692307696
0 0.5949519230769231 0.4338942307692308 0.06610576923076923 0.04326923076923077
0 0.5012019230769231 0.43149038461538464 0.07211538461538461 0.037259615384615384
0 0.41225961538461536 0.4266826923076923 0.06370192307692307 0.04326923076923077
0 0.31850961538461536 0.4206730769230769 0.06850961538461539 0.042067307692307696
0 0.31850961538461536 0.6911057692307693 0.0733173076923077 0.042067307692307696