0 0.040865384615384616 0.1971153846153846 0.07451923076923077 0.07932692307692307
0 0.028846153846153848 0.7788461538461539 0.057692307692307696 0.036057692307692304
0 0.12139423076923077 0.7836538461538461 0.08413461538461539 0.036057692307692304
0 0.21153846153846154 0.7884615384615384 0.06971153846153846 0.036057692307692304
0 0.7487980769230769 0.8004807692307693 0.06971153846153846 0.038461538461538464
0 0.9399038461538461 0.47596153846153844 0.0733173076923077 0.036057692307692304
0 0.8473557692307693 0.4723557692307692 0.0829326923076923 0.036057692307692304
0 0.7391826923076923 0.4699519230769231 0.078125 0.03485576923076923
0 0.6394230769230769 0.4651442307692308 0.06850961538461539 0.037259615384615384
0 0.5372596153846154 0.46274038461538464 0.0889423076923077 0.046875
0 0.41947115384615385 0.46033653846153844 0.0673076923076923 0.036057692307692304
0 0.30288461538461536 0.4579326923076923 0.08413461538461539 0.037259615384615384
0 0.03485576923076923 0.4519230769230769 0.06971153846153846 0.03485576923076923