0 0.9182692307692307 0.6634615384615384 0.07451923076923077 0.03485576923076923
0 0.10576923076923077 0.5432692307692307 0.08413461538461539 0.037259615384615384
0 0.23076923076923078 0.5480769230769231 0.07211538461538461 0.038461538461538464
0 0.1141826923076923 0.484375 0.09735576923076923 0.04326923076923077
0 0.23677884615384615 0.42427884615384615 0.0889423076923077 0.038461538461538464
0 0.4651442307692308 0.4338942307692308 0.07932692307692307 0.038461538461538464
0 0.6225961538461539 0.4387019230769231 0.09495192307692307 0.042067307692307696
0 0.7223557692307693 0.4411057692307692 0.0625 0.040865384615384616
0 0.84375 0.4411057692307692 0.08173076923076923 0.037259615384615384
0 0.9783653846153846 0.3942307692307692 0.042067307692307696 0.036057692307692304
0 0.8870192307692307 0.3942307692307692 0.07932692307692307 0.03485576923076923
0 0.7872596153846154 0.390625 0.0733173076923077 0.03485576923076923
0 0.6923076923076923 0.3918269230769231 0.06850961538461539 0.03245192307692308
0 0.5961538461538461 0.3870192307692308 0.0673076923076923 0.03125
0 0.5036057692307693 0.3858173076923077 0.07451923076923077 0.03485576923076923
0 0.40625 0.38221153846153844 0.0625 0.03245192307692308
0 0.3161057692307692 0.38100961538461536 0.07451923076923077 0.036057692307692304