0 0.10336538461538461 0.7319711538461539 0.09014423076923077 0.04807692307692308
0 0.03245192307692308 0.49759615384615385 0.06490384615384616 0.04326923076923077
0 0.828125 0.14903846153846154 0.03485576923076923 0.0673076923076923
0 0.7980769230769231 0.7932692307692307 0.0733173076923077 0.038461538461538464
0 0.8846153846153846 0.7932692307692307 0.07692307692307693 0.038461538461538464
0 0.9771634615384616 0.7944711538461539 0.04567307692307692 0.042067307692307696
0 0.5564903846153846 0.4699519230769231 0.07451923076923077 0.038461538461538464
0 0.4795673076923077 0.4675480769230769 0.06610576923076923 0.042067307692307696
0 0.38461538461538464 0.46153846153846156 0.08653846153846154 0.051682692307692304
0 0.2776442307692308 0.4651442307692308 0.0829326923076923 0.038461538461538464
0 0.19230769230769232 0.45913461538461536 0.052884615384615384 0.037259615384615384
0 0.10336538461538461 0.4543269230769231 0.06850961538461539 0.037259615384615384
0 0.02283653846153846 0.4495192307692308 0.04567307692307692 0.046875