0 0.040865384615384616 0.6814903846153846 0.08173076923076923 0.040865384615384616
0 0.41586538461538464 0.7355769230769231 0.09014423076923077 0.042067307692307696
0 0.3317307692307692 0.734375 0.05048076923076923 0.03485576923076923
0 0.03245192307692308 0.49038461538461536 0.06490384615384616 0.04326923076923077
0 0.8293269230769231 0.1346153846153846 0.040865384615384616 0.06971153846153846
0 0.7992788461538461 0.7872596153846154 0.0733173076923077 0.038461538461538464
0 0.8858173076923077 0.7884615384615384 0.07451923076923077 0.036057692307692304
0 0.5576923076923077 0.46153846153846156 0.08413461538461539 0.037259615384615384
0 0.47836538461538464 0.46033653846153844 0.06610576923076923 0.038461538461538464
0 0.38461538461538464 0.4543269230769231 0.0889423076923077 0.04807692307692308
0 0.2776442307692308 0.4567307692307692 0.08413461538461539 0.037259615384615384
0 0.18990384615384615 0.45072115384615385 0.04807692307692308 0.038461538461538464
0 0.10216346153846154 0.44471153846153844 0.06971153846153846 0.037259615384615384