0 0.04567307692307692 0.24759615384615385 0.07451923076923077 0.07692307692307693
0 0.030048076923076924 0.8137019230769231 0.06009615384615385 0.04567307692307692
0 0.12379807692307693 0.8185096153846154 0.08413461538461539 0.04326923076923077
0 0.21394230769230768 0.8233173076923077 0.07211538461538461 0.04326923076923077
0 0.9411057692307693 0.5264423076923077 0.0733173076923077 0.046875
0 0.8497596153846154 0.5228365384615384 0.07932692307692307 0.042067307692307696
0 0.7403846153846154 0.5180288461538461 0.07451923076923077 0.042067307692307696
0 0.640625 0.515625 0.06850961538461539 0.04326923076923077
0 0.5396634615384616 0.5096153846153846 0.09254807692307693 0.052884615384615384
0 0.42427884615384615 0.5060096153846154 0.0733173076923077 0.04326923076923077
0 0.3076923076923077 0.5024038461538461 0.08173076923076923 0.042067307692307696
0 0.03485576923076923 0.49399038461538464 0.06971153846153846 0.04567307692307692