0 0.7463942307692307 0.6742788461538461 0.07692307692307693 0.036057692307692304
0 0.10817307692307693 0.5552884615384616 0.08413461538461539 0.037259615384615384
0 0.23076923076923078 0.5576923076923077 0.07211538461538461 0.03485576923076923
0 0.11778846153846154 0.4951923076923077 0.09735576923076923 0.040865384615384616
0 0.23557692307692307 0.4326923076923077 0.08653846153846154 0.04326923076923077
0 0.4651442307692308 0.44711538461538464 0.08774038461538461 0.037259615384615384
0 0.6213942307692307 0.4495192307692308 0.09495192307692307 0.04807692307692308
0 0.7199519230769231 0.4543269230769231 0.0625 0.038461538461538464
0 0.8413461538461539 0.4543269230769231 0.0829326923076923 0.038461538461538464
0 0.9795673076923077 0.4110576923076923 0.040865384615384616 0.03485576923076923
0 0.8846153846153846 0.4074519230769231 0.08173076923076923 0.036057692307692304
0 0.7836538461538461 0.4026442307692308 0.07692307692307693 0.037259615384615384
0 0.6911057692307693 0.4026442307692308 0.06971153846153846 0.03245192307692308
0 0.59375 0.40024038461538464 0.06610576923076923 0.036057692307692304
0 0.4987980769230769 0.39663461538461536 0.07451923076923077 0.03485576923076923
0 0.4050480769230769 0.3918269230769231 0.0625 0.03485576923076923
0 0.3137019230769231 0.390625 0.0733173076923077 0.03485576923076923