0 0.3137019230769231 0.6622596153846154 0.09495192307692307 0.038461538461538464
0 0.5180288461538461 0.7151442307692307 0.09254807692307693 0.040865384615384616
0 0.037259615384615384 0.16466346153846154 0.07451923076923077 0.07692307692307693
0 0.027644230769230768 0.7572115384615384 0.055288461538461536 0.037259615384615384
0 0.11778846153846154 0.7584134615384616 0.08413461538461539 0.038461538461538464
0 0.20793269230769232 0.7632211538461539 0.07211538461538461 0.036057692307692304
0 0.7451923076923077 0.7716346153846154 0.07211538461538461 0.037259615384615384
0 0.8341346153846154 0.7740384615384616 0.06610576923076923 0.03485576923076923
0 0.9338942307692307 0.4411057692307692 0.078125 0.03245192307692308
0 0.8425480769230769 0.4387019230769231 0.0829326923076923 0.037259615384615384
0 0.7367788461538461 0.4362980769230769 0.0829326923076923 0.03485576923076923
0 0.6322115384615384 0.4326923076923077 0.06850961538461539 0.037259615384615384
0 0.5336538461538461 0.43149038461538464 0.09254807692307693 0.038461538461538464
0 0.41586538461538464 0.43149038461538464 0.06971153846153846 0.036057692307692304
0 0.2980769230769231 0.4266826923076923 0.07932692307692307 0.037259615384615384
0 0.03365384615384615 0.4230769230769231 0.0673076923076923 0.03245192307692308