0 0.7079326923076923 0.6634615384615384 0.09375 0.038461538461538464
0 0.8497596153846154 0.7175480769230769 0.08653846153846154 0.04567307692307692
0 0.13822115384615385 0.16105769230769232 0.07692307692307693 0.078125
0 0.11057692307692307 0.7572115384615384 0.09254807692307693 0.03245192307692308
0 0.21875 0.7584134615384616 0.08173076923076923 0.038461538461538464
0 0.3088942307692308 0.7620192307692307 0.07211538461538461 0.037259615384615384
0 0.4110576923076923 0.7620192307692307 0.08173076923076923 0.036057692307692304
0 0.8449519230769231 0.7704326923076923 0.07451923076923077 0.037259615384615384
0 0.9362980769230769 0.7728365384615384 0.06370192307692307 0.03245192307692308
0 0.9435096153846154 0.4338942307692308 0.08173076923076923 0.036057692307692304
0 0.8377403846153846 0.43149038461538464 0.08173076923076923 0.036057692307692304
0 0.7331730769230769 0.42788461538461536 0.0673076923076923 0.037259615384615384
0 0.6358173076923077 0.42908653846153844 0.09014423076923077 0.038461538461538464
0 0.5168269230769231 0.42788461538461536 0.06610576923076923 0.036057692307692304
0 0.4026442307692308 0.4230769230769231 0.0829326923076923 0.038461538461538464
0 0.12860576923076922 0.4206730769230769 0.0733173076923077 0.03485576923076923