0 0.04567307692307692 0.24278846153846154 0.07451923076923077 0.07451923076923077
0 0.030048076923076924 0.8088942307692307 0.05889423076923077 0.04567307692307692
0 0.12379807692307693 0.8149038461538461 0.08653846153846154 0.042067307692307696
0 0.21514423076923078 0.8197115384615384 0.06971153846153846 0.042067307692307696
0 0.9411057692307693 0.5204326923076923 0.07451923076923077 0.040865384615384616
0 0.8497596153846154 0.5144230769230769 0.08413461538461539 0.04567307692307692
0 0.7415865384615384 0.5120192307692307 0.07692307692307693 0.042067307692307696
0 0.640625 0.5096153846153846 0.06850961538461539 0.04326923076923077
0 0.5408653846153846 0.5024038461538461 0.08774038461538461 0.051682692307692304
0 0.4230769230769231 0.5012019230769231 0.07211538461538461 0.038461538461538464
0 0.30649038461538464 0.49759615384615385 0.0829326923076923 0.042067307692307696
0 0.036057692307692304 0.4879807692307692 0.07211538461538461 0.04326923076923077
0 0.7403846153846154 0.8389423076923077 0.0985576923076923 0.042067307692307696