0 0.030048076923076924 0.4519230769230769 0.05889423076923077 0.038461538461538464
0 0.8221153846153846 0.07692307692307693 0.040865384615384616 0.0733173076923077
0 0.7932692307692307 0.7536057692307693 0.0733173076923077 0.037259615384615384
0 0.8810096153846154 0.7536057692307693 0.07451923076923077 0.037259615384615384
0 0.9747596153846154 0.7572115384615384 0.05048076923076923 0.038461538461538464
0 0.5504807692307693 0.4182692307692308 0.07692307692307693 0.03125
0 0.4723557692307692 0.41947115384615385 0.06850961538461539 0.036057692307692304
0 0.3786057692307692 0.41346153846153844 0.08653846153846154 0.042067307692307696
0 0.2704326923076923 0.41346153846153844 0.08173076923076923 0.03485576923076923
0 0.18389423076923078 0.4098557692307692 0.05048076923076923 0.03485576923076923
0 0.09495192307692307 0.4074519230769231 0.06850961538461539 0.03245192307692308
0 0.6706730769230769 0.6574519230769231 0.07211538461538461 0.036057692307692304