0 0.38100961538461536 0.6802884615384616 0.09495192307692307 0.038461538461538464
0 0.7439903846153846 0.7307692307692307 0.09014423076923077 0.038461538461538464
0 0.6574519230769231 0.7307692307692307 0.051682692307692304 0.03245192307692308
0 0.03245192307692308 0.4831730769230769 0.06490384615384616 0.04326923076923077
0 0.8293269230769231 0.12139423076923077 0.038461538461538464 0.07211538461538461
0 0.8004807692307693 0.7800480769230769 0.0733173076923077 0.038461538461538464
0 0.8882211538461539 0.7824519230769231 0.07692307692307693 0.036057692307692304
0 0.5564903846153846 0.4495192307692308 0.07692307692307693 0.03485576923076923
0 0.47836538461538464 0.4519230769230769 0.0673076923076923 0.037259615384615384
0 0.3858173076923077 0.44471153846153844 0.09014423076923077 0.046875
0 0.2800480769230769 0.44591346153846156 0.08413461538461539 0.036057692307692304
0 0.19230769230769232 0.4423076923076923 0.052884615384615384 0.037259615384615384
0 0.10336538461538461 0.4375 0.06971153846153846 0.037259615384615384