0 0.17908653846153846 0.71875 0.0889423076923077 0.040865384615384616
0 0.13822115384615385 0.18028846153846154 0.07692307692307693 0.07932692307692307
0 0.10817307692307693 0.7644230769230769 0.09254807692307693 0.037259615384615384
0 0.21875 0.7692307692307693 0.08173076923076923 0.036057692307692304
0 0.3088942307692308 0.7740384615384616 0.07211538461538461 0.03485576923076923
0 0.8461538461538461 0.7848557692307693 0.06971153846153846 0.040865384615384616
0 0.9435096153846154 0.4543269230769231 0.08413461538461539 0.03485576923076923
0 0.8365384615384616 0.4519230769230769 0.078125 0.03485576923076923
0 0.7367788461538461 0.44711538461538464 0.06971153846153846 0.036057692307692304
0 0.6346153846153846 0.44471153846153844 0.0889423076923077 0.04326923076923077
0 0.5168269230769231 0.44350961538461536 0.06971153846153846 0.03485576923076923
0 0.40024038461538464 0.43990384615384615 0.08173076923076923 0.038461538461538464
0 0.12860576923076922 0.4338942307692308 0.07692307692307693 0.036057692307692304