0 0.03245192307692308 0.43509615384615385 0.06490384615384616 0.038461538461538464
0 0.8221153846153846 0.051682692307692304 0.042067307692307696 0.078125
0 0.7956730769230769 0.7391826923076923 0.0733173076923077 0.040865384615384616
0 0.8846153846153846 0.7403846153846154 0.07451923076923077 0.037259615384615384
0 0.5552884615384616 0.39903846153846156 0.078125 0.03485576923076923
0 0.47475961538461536 0.40024038461538464 0.06971153846153846 0.03485576923076923
0 0.38221153846153844 0.39663461538461536 0.08774038461538461 0.040865384615384616
0 0.27524038461538464 0.39663461538461536 0.078125 0.036057692307692304
0 0.18870192307692307 0.3942307692307692 0.05048076923076923 0.03125
0 0.09975961538461539 0.3918269230769231 0.0673076923076923 0.03245192307692308
0 0.021634615384615384 0.3918269230769231 0.042067307692307696 0.036057692307692304