0 0.14783653846153846 0.24278846153846154 0.07692307692307693 0.078125
0 0.11778846153846154 0.8064903846153846 0.09375 0.04567307692307692
0 0.22596153846153846 0.8137019230769231 0.08413461538461539 0.042067307692307696
0 0.3161057692307692 0.8185096153846154 0.07211538461538461 0.04326923076923077
0 0.9519230769230769 0.5168269230769231 0.0829326923076923 0.042067307692307696
0 0.8449519230769231 0.5120192307692307 0.07932692307692307 0.042067307692307696
0 0.7427884615384616 0.5096153846153846 0.06850961538461539 0.040865384615384616
0 0.6430288461538461 0.5036057692307693 0.08653846153846154 0.04807692307692308
0 0.5240384615384616 0.5024038461538461 0.0733173076923077 0.042067307692307696
0 0.4098557692307692 0.4987980769230769 0.0829326923076923 0.04326923076923077
0 0.13942307692307693 0.4891826923076923 0.07451923076923077 0.046875
0 0.8449519230769231 0.8377403846153846 0.07932692307692307 0.04807692307692308