0 0.037259615384615384 0.515625 0.0733173076923077 0.046875
0 0.8329326923076923 0.17067307692307693 0.03485576923076923 0.0673076923076923
0 0.8016826923076923 0.8088942307692307 0.07211538461538461 0.040865384615384616
0 0.8882211538461539 0.8088942307692307 0.0733173076923077 0.042067307692307696
0 0.9783653846153846 0.8112980769230769 0.042067307692307696 0.04326923076923077
0 0.5612980769230769 0.4879807692307692 0.07692307692307693 0.040865384615384616
0 0.4807692307692308 0.4879807692307692 0.0625 0.040865384615384616
0 0.38822115384615385 0.4807692307692308 0.0889423076923077 0.051682692307692304
0 0.2824519230769231 0.4831730769230769 0.08413461538461539 0.038461538461538464
0 0.19471153846153846 0.47596153846153844 0.052884615384615384 0.04326923076923077
0 0.10576923076923077 0.4723557692307692 0.06850961538461539 0.03485576923076923