0 0.6057692307692307 0.6634615384615384 0.09375 0.038461538461538464
0 0.7475961538461539 0.7175480769230769 0.08653846153846154 0.04567307692307692
0 0.037259615384615384 0.16105769230769232 0.07451923076923077 0.078125
0 0.027644230769230768 0.7572115384615384 0.055288461538461536 0.03245192307692308
0 0.11778846153846154 0.7584134615384616 0.08173076923076923 0.038461538461538464
0 0.20793269230769232 0.7620192307692307 0.07211538461538461 0.037259615384615384
0 0.3088942307692308 0.7620192307692307 0.08173076923076923 0.036057692307692304
0 0.7439903846153846 0.7704326923076923 0.07451923076923077 0.037259615384615384
0 0.8353365384615384 0.7728365384615384 0.06370192307692307 0.03245192307692308
0 0.9350961538461539 0.4387019230769231 0.07692307692307693 0.036057692307692304
0 0.8425480769230769 0.4338942307692308 0.08173076923076923 0.036057692307692304
0 0.7355769230769231 0.43149038461538464 0.08173076923076923 0.036057692307692304
0 0.6322115384615384 0.42788461538461536 0.0673076923076923 0.037259615384615384
0 0.5348557692307693 0.42908653846153844 0.09014423076923077 0.038461538461538464
0 0.41586538461538464 0.42788461538461536 0.06610576923076923 0.036057692307692304
0 0.3004807692307692 0.4230769230769231 0.0829326923076923 0.038461538461538464
0 0.03245192307692308 0.4206730769230769 0.06370192307692307 0.03485576923076923