0 0.18509615384615385 0.7199519230769231 0.0889423076923077 0.040865384615384616
0 0.037259615384615384 0.1778846153846154 0.0733173076923077 0.078125
0 0.025240384615384616 0.7632211538461539 0.05048076923076923 0.036057692307692304
0 0.11778846153846154 0.7680288461538461 0.08413461538461539 0.036057692307692304
0 0.20673076923076922 0.7740384615384616 0.07211538461538461 0.037259615384615384
0 0.7415865384615384 0.7836538461538461 0.07692307692307693 0.038461538461538464
0 0.8353365384615384 0.7848557692307693 0.06370192307692307 0.03485576923076923
0 0.9338942307692307 0.4567307692307692 0.07692307692307693 0.036057692307692304
0 0.8413461538461539 0.453125 0.0829326923076923 0.03485576923076923
0 0.734375 0.4495192307692308 0.078125 0.036057692307692304
0 0.6322115384615384 0.44591346153846156 0.06610576923076923 0.036057692307692304
0 0.5324519230769231 0.44350961538461536 0.0889423076923077 0.040865384615384616
0 0.41346153846153844 0.4423076923076923 0.0673076923076923 0.03485576923076923
0 0.2980769230769231 0.4375 0.07932692307692307 0.037259615384615384
0 0.03245192307692308 0.4338942307692308 0.06370192307692307 0.03245192307692308