0 0.6274038461538461 0.6778846153846154 0.0889423076923077 0.038461538461538464
0 0.9579326923076923 0.7295673076923077 0.08413461538461539 0.040865384615384616
0 0.03245192307692308 0.4807692307692308 0.06370192307692307 0.042067307692307696
0 0.8269230769230769 0.11298076923076923 0.038461538461538464 0.0733173076923077
0 0.7980769230769231 0.7764423076923077 0.07211538461538461 0.037259615384615384
0 0.8858173076923077 0.7764423076923077 0.07451923076923077 0.03485576923076923
0 0.9771634615384616 0.7800480769230769 0.04567307692307692 0.038461538461538464
0 0.5564903846153846 0.44471153846153844 0.078125 0.03485576923076923
0 0.47596153846153844 0.44591346153846156 0.06610576923076923 0.03245192307692308
0 0.38221153846153844 0.4411057692307692 0.08413461538461539 0.04326923076923077
0 0.2776442307692308 0.4423076923076923 0.08173076923076923 0.037259615384615384
0 0.19110576923076922 0.4375 0.051682692307692304 0.03485576923076923
0 0.10096153846153846 0.43509615384615385 0.07211538461538461 0.036057692307692304
0 0.021634615384615384 0.43149038461538464 0.04326923076923077 0.037259615384615384
0 0.11298076923076923 0.6778846153846154 0.07211538461538461 0.037259615384615384