0 0.14783653846153846 0.2644230769230769 0.0733173076923077 0.078125
0 0.11899038461538461 0.8209134615384616 0.09014423076923077 0.04567307692307692
0 0.2283653846153846 0.8293269230769231 0.08413461538461539 0.042067307692307696
0 0.31850961538461536 0.8341346153846154 0.06971153846153846 0.040865384615384616
0 0.9543269230769231 0.5360576923076923 0.08173076923076923 0.046875
0 0.8449519230769231 0.5324519230769231 0.07932692307692307 0.042067307692307696
0 0.7439903846153846 0.5276442307692307 0.0673076923076923 0.046875
0 0.6430288461538461 0.5216346153846154 0.0889423076923077 0.057692307692307696
0 0.5264423076923077 0.5216346153846154 0.06850961538461539 0.042067307692307696
0 0.4098557692307692 0.5180288461538461 0.07932692307692307 0.042067307692307696
0 0.13942307692307693 0.5072115384615384 0.07692307692307693 0.04567307692307692