0 0.27163461538461536 0.6598557692307693 0.09495192307692307 0.038461538461538464
0 0.5048076923076923 0.7139423076923077 0.09375 0.040865384615384616
0 0.13701923076923078 0.1658653846153846 0.07692307692307693 0.078125
0 0.10576923076923077 0.7572115384615384 0.09495192307692307 0.038461538461538464
0 0.21754807692307693 0.7584134615384616 0.08413461538461539 0.036057692307692304
0 0.30649038461538464 0.7632211538461539 0.07211538461538461 0.036057692307692304
0 0.84375 0.7716346153846154 0.07211538461538461 0.038461538461538464
0 0.9338942307692307 0.7728365384615384 0.06610576923076923 0.036057692307692304
0 0.9423076923076923 0.43990384615384615 0.08173076923076923 0.036057692307692304
0 0.8353365384615384 0.4362980769230769 0.07932692307692307 0.036057692307692304
0 0.7307692307692307 0.4338942307692308 0.07211538461538461 0.036057692307692304
0 0.6322115384615384 0.43149038461538464 0.09014423076923077 0.040865384615384616
0 0.5144230769230769 0.43028846153846156 0.06610576923076923 0.03245192307692308
0 0.39903846153846156 0.4266826923076923 0.08413461538461539 0.037259615384615384
0 0.12860576923076922 0.4230769230769231 0.07451923076923077 0.036057692307692304