0 0.5084134615384616 0.765625 0.057692307692307696 0.08413461538461539
0 0.11177884615384616 0.578125 0.08653846153846154 0.040865384615384616
0 0.23317307692307693 0.5817307692307693 0.0733173076923077 0.040865384615384616
0 0.12259615384615384 0.5168269230769231 0.09495192307692307 0.042067307692307696
0 0.23798076923076922 0.4579326923076923 0.0889423076923077 0.052884615384615384
0 0.47115384615384615 0.47475961538461536 0.08653846153846154 0.04567307692307692
0 0.6237980769230769 0.47596153846153844 0.09375 0.04807692307692308
0 0.8449519230769231 0.484375 0.0829326923076923 0.037259615384615384
0 0.9807692307692307 0.4411057692307692 0.038461538461538464 0.040865384615384616
0 0.8882211538461539 0.4362980769230769 0.07692307692307693 0.037259615384615384
0 0.7884615384615384 0.4338942307692308 0.07451923076923077 0.038461538461538464
0 0.6971153846153846 0.43028846153846156 0.07451923076923077 0.038461538461538464
0 0.5961538461538461 0.42788461538461536 0.0673076923076923 0.040865384615384616
0 0.5036057692307693 0.42427884615384615 0.07451923076923077 0.038461538461538464
0 0.4098557692307692 0.4182692307692308 0.06610576923076923 0.040865384615384616
0 0.31850961538461536 0.41586538461538464 0.06971153846153846 0.038461538461538464
0 0.6947115384615384 0.6862980769230769 0.06971153846153846 0.037259615384615384