0 0.4963942307692308 0.8473557692307693 0.03485576923076923 0.07932692307692307
0 0.5072115384615384 0.6971153846153846 0.09375 0.051682692307692304
0 0.9074519230769231 0.7379807692307693 0.09014423076923077 0.051682692307692304
0 0.11658653846153846 0.5901442307692307 0.0889423076923077 0.046875
0 0.23798076923076922 0.5973557692307693 0.07211538461538461 0.040865384615384616
0 0.12620192307692307 0.5324519230769231 0.09735576923076923 0.04567307692307692
0 0.2439903846153846 0.4723557692307692 0.08774038461538461 0.056490384615384616
0 0.4735576923076923 0.49399038461538464 0.08413461538461539 0.04326923076923077
0 0.6298076923076923 0.4951923076923077 0.09375 0.052884615384615384
0 0.7259615384615384 0.5012019230769231 0.0625 0.040865384615384616
0 0.8497596153846154 0.5048076923076923 0.08173076923076923 0.04326923076923077
0 0.8954326923076923 0.4579326923076923 0.08173076923076923 0.046875
0 0.7932692307692307 0.4543269230769231 0.078125 0.042067307692307696
0 0.6995192307692307 0.4495192307692308 0.07211538461538461 0.04326923076923077
0 0.6009615384615384 0.44711538461538464 0.06610576923076923 0.046875
0 0.5084134615384616 0.44350961538461536 0.0733173076923077 0.042067307692307696
0 0.41466346153846156 0.4387019230769231 0.06370192307692307 0.04567307692307692
0 0.32211538461538464 0.4326923076923077 0.0733173076923077 0.040865384615384616
0 0.14543269230769232 0.6971153846153846 0.07211538461538461 0.04567307692307692