0 0.13942307692307693 0.20192307692307693 0.07451923076923077 0.07692307692307693
0 0.109375 0.7800480769230769 0.09375 0.040865384615384616
0 0.21995192307692307 0.7848557692307693 0.08653846153846154 0.038461538461538464
0 0.3112980769230769 0.7884615384615384 0.07211538461538461 0.037259615384615384
0 0.8413461538461539 0.8040865384615384 0.07692307692307693 0.038461538461538464
0 0.9459134615384616 0.47836538461538464 0.0829326923076923 0.037259615384615384
0 0.8377403846153846 0.47596153846153844 0.078125 0.036057692307692304
0 0.7355769230769231 0.47115384615384615 0.06850961538461539 0.038461538461538464
0 0.6370192307692307 0.4675480769230769 0.0889423076923077 0.05048076923076923
0 0.5168269230769231 0.4639423076923077 0.07211538461538461 0.037259615384615384
0 0.4026442307692308 0.46153846153846156 0.0829326923076923 0.038461538461538464
0 0.12980769230769232 0.4543269230769231 0.07451923076923077 0.038461538461538464