0 0.6009615384615384 0.6983173076923077 0.078125 0.05048076923076923
0 0.11057692307692307 0.5721153846153846 0.08413461538461539 0.040865384615384616
0 0.23317307692307693 0.5745192307692307 0.07451923076923077 0.037259615384615384
0 0.12379807692307693 0.5120192307692307 0.09975961538461539 0.04807692307692308
0 0.23918269230769232 0.4519230769230769 0.09014423076923077 0.046875
0 0.4699519230769231 0.4651442307692308 0.08653846153846154 0.04326923076923077
0 0.6225961538461539 0.4675480769230769 0.09495192307692307 0.052884615384615384
0 0.7223557692307693 0.4735576923076923 0.06370192307692307 0.037259615384615384
0 0.8461538461538461 0.4735576923076923 0.0829326923076923 0.037259615384615384
0 0.8882211538461539 0.42788461538461536 0.07932692307692307 0.03485576923076923
0 0.7872596153846154 0.4254807692307692 0.078125 0.037259615384615384
0 0.6947115384615384 0.421875 0.07211538461538461 0.037259615384615384
0 0.5973557692307693 0.4206730769230769 0.06370192307692307 0.036057692307692304
0 0.5024038461538461 0.41586538461538464 0.07692307692307693 0.038461538461538464
0 0.40865384615384615 0.41225961538461536 0.06370192307692307 0.038461538461538464
0 0.3173076923076923 0.40865384615384615 0.07451923076923077 0.036057692307692304