0 0.4519230769230769 0.6598557692307693 0.09495192307692307 0.038461538461538464
0 0.6322115384615384 0.7151442307692307 0.0889423076923077 0.04567307692307692
0 0.037259615384615384 0.1622596153846154 0.0733173076923077 0.07692307692307693
0 0.025240384615384616 0.7560096153846154 0.05048076923076923 0.036057692307692304
0 0.11538461538461539 0.7572115384615384 0.08413461538461539 0.038461538461538464
0 0.20552884615384615 0.7620192307692307 0.06971153846153846 0.036057692307692304
0 0.30649038461538464 0.7620192307692307 0.08173076923076923 0.036057692307692304
0 0.7439903846153846 0.7692307692307693 0.07211538461538461 0.038461538461538464
0 0.8317307692307693 0.7692307692307693 0.0673076923076923 0.03245192307692308
0 0.9314903846153846 0.4375 0.07692307692307693 0.037259615384615384
0 0.8401442307692307 0.4338942307692308 0.08413461538461539 0.036057692307692304
0 0.7331730769230769 0.43149038461538464 0.078125 0.03485576923076923
0 0.6298076923076923 0.42908653846153844 0.06850961538461539 0.036057692307692304
0 0.53125 0.42788461538461536 0.09014423076923077 0.036057692307692304
0 0.41346153846153844 0.42788461538461536 0.0673076923076923 0.03245192307692308
0 0.2956730769230769 0.4230769230769231 0.07932692307692307 0.038461538461538464
0 0.03245192307692308 0.4170673076923077 0.06370192307692307 0.037259615384615384