0 0.8725961538461539 0.6634615384615384 0.09495192307692307 0.037259615384615384
0 0.030048076923076924 0.4639423076923077 0.05889423076923077 0.04326923076923077
0 0.8233173076923077 0.09495192307692307 0.040865384615384616 0.0733173076923077
0 0.7956730769230769 0.7620192307692307 0.0733173076923077 0.037259615384615384
0 0.8822115384615384 0.7632211538461539 0.0733173076923077 0.03245192307692308
0 0.9759615384615384 0.7644230769230769 0.04807692307692308 0.042067307692307696
0 0.5528846153846154 0.42908653846153844 0.078125 0.03245192307692308
0 0.47475961538461536 0.43149038461538464 0.0673076923076923 0.037259615384615384
0 0.38100961538461536 0.4254807692307692 0.08653846153846154 0.04326923076923077
0 0.27403846153846156 0.4254807692307692 0.08173076923076923 0.03485576923076923
0 0.18629807692307693 0.4206730769230769 0.055288461538461536 0.03245192307692308
0 0.09735576923076923 0.4182692307692308 0.06971153846153846 0.03245192307692308
0 0.33052884615384615 0.6646634615384616 0.06971153846153846 0.038461538461538464