0 0.4987980769230769 0.6742788461538461 0.09495192307692307 0.042067307692307696
0 0.8509615384615384 0.7247596153846154 0.09014423076923077 0.040865384615384616
0 0.03245192307692308 0.47475961538461536 0.06490384615384616 0.040865384615384616
0 0.828125 0.11298076923076923 0.037259615384615384 0.07211538461538461
0 0.7992788461538461 0.7740384615384616 0.06971153846153846 0.037259615384615384
0 0.8858173076923077 0.7752403846153846 0.07451923076923077 0.036057692307692304
0 0.5552884615384616 0.44350961538461536 0.07692307692307693 0.037259615384615384
0 0.47596153846153844 0.44350961538461536 0.06850961538461539 0.036057692307692304
0 0.38461538461538464 0.4387019230769231 0.08413461538461539 0.04326923076923077
0 0.2776442307692308 0.43990384615384615 0.08653846153846154 0.038461538461538464
0 0.18990384615384615 0.43509615384615385 0.051682692307692304 0.038461538461538464
0 0.10096153846153846 0.43149038461538464 0.06850961538461539 0.03485576923076923