0 0.037259615384615384 0.5120192307692307 0.0733173076923077 0.04567307692307692
0 0.8317307692307693 0.16346153846153846 0.036057692307692304 0.06610576923076923
0 0.8016826923076923 0.8052884615384616 0.07211538461538461 0.04326923076923077
0 0.8894230769230769 0.8040865384615384 0.0733173076923077 0.042067307692307696
0 0.5612980769230769 0.48197115384615385 0.07692307692307693 0.038461538461538464
0 0.4831730769230769 0.4831730769230769 0.06610576923076923 0.04326923076923077
0 0.3894230769230769 0.47475961538461536 0.08774038461538461 0.051682692307692304
0 0.2824519230769231 0.47836538461538464 0.08173076923076923 0.037259615384615384
0 0.1971153846153846 0.4723557692307692 0.052884615384615384 0.042067307692307696
0 0.10697115384615384 0.46875 0.06971153846153846 0.040865384615384616
0 0.025240384615384616 0.46274038461538464 0.05048076923076923 0.04807692307692308