0 0.037259615384615384 0.5264423076923077 0.0733173076923077 0.046875
0 0.8365384615384616 0.1875 0.038461538461538464 0.06850961538461539
0 0.8028846153846154 0.8161057692307693 0.07451923076923077 0.04567307692307692
0 0.8918269230769231 0.8197115384615384 0.0733173076923077 0.042067307692307696
0 0.9807692307692307 0.8209134615384616 0.038461538461538464 0.042067307692307696
0 0.5637019230769231 0.5 0.07932692307692307 0.040865384615384616
0 0.4831730769230769 0.4987980769230769 0.0673076923076923 0.042067307692307696
0 0.390625 0.49158653846153844 0.08413461538461539 0.055288461538461536
0 0.2848557692307692 0.4951923076923077 0.08173076923076923 0.037259615384615384
0 0.1971153846153846 0.48677884615384615 0.057692307692307696 0.042067307692307696
0 0.109375 0.4831730769230769 0.06850961538461539 0.042067307692307696
0 0.025240384615384616 0.47716346153846156 0.05048076923076923 0.04567307692307692