0 0.04567307692307692 0.2644230769230769 0.0733173076923077 0.078125
0 0.03125 0.8209134615384616 0.0625 0.04567307692307692
0 0.12620192307692307 0.8293269230769231 0.08413461538461539 0.042067307692307696
0 0.21634615384615385 0.8341346153846154 0.06971153846153846 0.040865384615384616
0 0.9447115384615384 0.5396634615384616 0.0733173076923077 0.04567307692307692
0 0.8533653846153846 0.5360576923076923 0.08173076923076923 0.046875
0 0.7427884615384616 0.5324519230769231 0.07932692307692307 0.042067307692307696
0 0.6430288461538461 0.5276442307692307 0.0673076923076923 0.046875
0 0.5408653846153846 0.5216346153846154 0.0889423076923077 0.057692307692307696
0 0.4254807692307692 0.5216346153846154 0.06850961538461539 0.042067307692307696
0 0.3088942307692308 0.5180288461538461 0.07932692307692307 0.042067307692307696
0 0.038461538461538464 0.5072115384615384 0.07692307692307693 0.04567307692307692