0 0.5012019230769231 0.7848557692307693 0.05048076923076923 0.08173076923076923
0 0.11177884615384616 0.578125 0.08653846153846154 0.040865384615384616
0 0.234375 0.5817307692307693 0.07451923076923077 0.042067307692307696
0 0.12139423076923077 0.5168269230769231 0.09495192307692307 0.04567307692307692
0 0.23918269230769232 0.4579326923076923 0.08774038461538461 0.052884615384615384
0 0.4723557692307692 0.47596153846153844 0.09014423076923077 0.042067307692307696
0 0.625 0.47596153846153844 0.09375 0.05048076923076923
0 0.7235576923076923 0.4855769230769231 0.0625 0.038461538461538464
0 0.84375 0.4855769230769231 0.08413461538461539 0.040865384615384616
0 0.9795673076923077 0.44350961538461536 0.040865384615384616 0.042067307692307696
0 0.8894230769230769 0.4387019230769231 0.07932692307692307 0.040865384615384616
0 0.7884615384615384 0.4362980769230769 0.08173076923076923 0.038461538461538464
0 0.6959134615384616 0.43149038461538464 0.06971153846153846 0.04326923076923077
0 0.5973557692307693 0.43028846153846156 0.06610576923076923 0.037259615384615384
0 0.5024038461538461 0.4254807692307692 0.07692307692307693 0.038461538461538464
0 0.4110576923076923 0.4206730769230769 0.06610576923076923 0.040865384615384616
0 0.31850961538461536 0.41586538461538464 0.0673076923076923 0.038461538461538464
0 0.5973557692307693 0.6862980769230769 0.07211538461538461 0.038461538461538464