0 0.41466346153846156 0.6622596153846154 0.09495192307692307 0.038461538461538464
0 0.6189903846153846 0.7151442307692307 0.09254807692307693 0.040865384615384616
0 0.13822115384615385 0.16466346153846154 0.07692307692307693 0.07692307692307693
0 0.109375 0.7572115384615384 0.09375 0.037259615384615384
0 0.21875 0.7584134615384616 0.08413461538461539 0.038461538461538464
0 0.3088942307692308 0.7632211538461539 0.07211538461538461 0.036057692307692304
0 0.8473557692307693 0.7716346153846154 0.07211538461538461 0.037259615384615384
0 0.9362980769230769 0.7740384615384616 0.06610576923076923 0.03485576923076923
0 0.9447115384615384 0.4387019230769231 0.0829326923076923 0.037259615384615384
0 0.8377403846153846 0.4362980769230769 0.0829326923076923 0.03485576923076923
0 0.734375 0.4326923076923077 0.06850961538461539 0.037259615384615384
0 0.6346153846153846 0.43149038461538464 0.09254807692307693 0.038461538461538464
0 0.5180288461538461 0.43149038461538464 0.06971153846153846 0.036057692307692304
0 0.39903846153846156 0.4266826923076923 0.07932692307692307 0.037259615384615384
0 0.1310096153846154 0.4230769230769231 0.07692307692307693 0.03245192307692308
0 0.41346153846153844 0.7644230769230769 0.09134615384615384 0.042067307692307696