0 0.14783653846153846 0.2536057692307692 0.07692307692307693 0.078125
0 0.11899038461538461 0.8137019230769231 0.09375 0.046875
0 0.22716346153846154 0.8197115384615384 0.08653846153846154 0.04326923076923077
0 0.31850961538461536 0.8245192307692307 0.06850961538461539 0.04326923076923077
0 0.9519230769230769 0.5264423076923077 0.0829326923076923 0.04326923076923077
0 0.8473557692307693 0.5228365384615384 0.08173076923076923 0.042067307692307696
0 0.7451923076923077 0.5192307692307693 0.06850961538461539 0.04567307692307692
0 0.6430288461538461 0.5120192307692307 0.0889423076923077 0.055288461538461536
0 0.5252403846153846 0.5108173076923077 0.0733173076923077 0.04326923076923077
0 0.4110576923076923 0.5084134615384616 0.08173076923076923 0.042067307692307696
0 0.13942307692307693 0.4963942307692308 0.07692307692307693 0.04567307692307692