0 0.7560096153846154 0.6574519230769231 0.09495192307692307 0.040865384615384616
0 0.8605769230769231 0.7103365384615384 0.09014423076923077 0.042067307692307696
0 0.7740384615384616 0.7127403846153846 0.04807692307692308 0.030048076923076924
0 0.038461538461538464 0.14423076923076922 0.07692307692307693 0.07692307692307693
0 0.027644230769230768 0.7415865384615384 0.055288461538461536 0.036057692307692304
0 0.11899038461538461 0.7427884615384616 0.08173076923076923 0.036057692307692304
0 0.2091346153846154 0.7475961538461539 0.06971153846153846 0.036057692307692304
0 0.31009615384615385 0.7475961538461539 0.07932692307692307 0.036057692307692304
0 0.7475961538461539 0.7548076923076923 0.0673076923076923 0.03485576923076923
0 0.8341346153846154 0.7560096153846154 0.06850961538461539 0.03485576923076923
0 0.9338942307692307 0.43028846153846156 0.078125 0.03245192307692308
0 0.8425480769230769 0.4254807692307692 0.08173076923076923 0.036057692307692304
0 0.7355769230769231 0.4230769230769231 0.08173076923076923 0.03485576923076923
0 0.6322115384615384 0.41947115384615385 0.06971153846153846 0.036057692307692304
0 0.5324519230769231 0.4206730769230769 0.09254807692307693 0.037259615384615384
0 0.41586538461538464 0.4206730769230769 0.06850961538461539 0.03485576923076923
0 0.3004807692307692 0.41346153846153844 0.07932692307692307 0.038461538461538464
0 0.03365384615384615 0.4026442307692308 0.0673076923076923 0.03485576923076923