0 0.5192307692307693 0.7367788461538461 0.06850961538461539 0.07932692307692307
0 0.10817307692307693 0.5697115384615384 0.08653846153846154 0.040865384615384616
0 0.23076923076923078 0.5721153846153846 0.07692307692307693 0.038461538461538464
0 0.1201923076923077 0.5084134615384616 0.09735576923076923 0.04807692307692308
0 0.23798076923076922 0.4495192307692308 0.0889423076923077 0.051682692307692304
0 0.4675480769230769 0.46634615384615385 0.08653846153846154 0.042067307692307696
0 0.6213942307692307 0.4675480769230769 0.09254807692307693 0.05048076923076923
0 0.8425480769230769 0.47596153846153844 0.08413461538461539 0.038461538461538464
0 0.9783653846153846 0.4338942307692308 0.042067307692307696 0.042067307692307696
0 0.8870192307692307 0.42908653846153844 0.08173076923076923 0.036057692307692304
0 0.7872596153846154 0.4254807692307692 0.07692307692307693 0.037259615384615384
0 0.6935096153846154 0.421875 0.07211538461538461 0.040865384615384616
0 0.59375 0.4182692307692308 0.06610576923076923 0.040865384615384616
0 0.5012019230769231 0.41466346153846156 0.07692307692307693 0.038461538461538464
0 0.40625 0.40865384615384615 0.06610576923076923 0.042067307692307696
0 0.31490384615384615 0.4074519230769231 0.06971153846153846 0.038461538461538464
0 0.7908653846153846 0.6778846153846154 0.07211538461538461 0.038461538461538464