0 0.6346153846153846 0.6899038461538461 0.078125 0.04567307692307692
0 0.11057692307692307 0.5661057692307693 0.08774038461538461 0.037259615384615384
0 0.23317307692307693 0.5697115384615384 0.0733173076923077 0.036057692307692304
0 0.1201923076923077 0.5072115384615384 0.09375 0.042067307692307696
0 0.23918269230769232 0.44711538461538464 0.08774038461538461 0.046875
0 0.4699519230769231 0.46033653846153844 0.0829326923076923 0.042067307692307696
0 0.625 0.46153846153846156 0.09375 0.04807692307692308
0 0.7235576923076923 0.4675480769230769 0.0625 0.038461538461538464
0 0.8461538461538461 0.4699519230769231 0.0829326923076923 0.038461538461538464
0 0.9807692307692307 0.42788461538461536 0.038461538461538464 0.036057692307692304
0 0.8894230769230769 0.4230769230769231 0.078125 0.036057692307692304
0 0.7884615384615384 0.4182692307692308 0.078125 0.037259615384615384
0 0.6971153846153846 0.4170673076923077 0.07211538461538461 0.037259615384615384
0 0.5997596153846154 0.41346153846153844 0.0673076923076923 0.040865384615384616
0 0.5036057692307693 0.4098557692307692 0.07692307692307693 0.038461538461538464
0 0.4098557692307692 0.4074519230769231 0.0625 0.036057692307692304
0 0.31850961538461536 0.40384615384615385 0.0733173076923077 0.036057692307692304