0 0.04927884615384615 0.25240384615384615 0.07932692307692307 0.07932692307692307
0 0.03245192307692308 0.8137019230769231 0.06370192307692307 0.04326923076923077
0 0.12860576923076922 0.8197115384615384 0.0829326923076923 0.04567307692307692
0 0.21754807692307693 0.8245192307692307 0.06971153846153846 0.04326923076923077
0 0.9447115384615384 0.5300480769230769 0.07451923076923077 0.04567307692307692
0 0.8533653846153846 0.5252403846153846 0.08173076923076923 0.04567307692307692
0 0.7463942307692307 0.5216346153846154 0.07692307692307693 0.04567307692307692
0 0.6454326923076923 0.5192307692307693 0.06850961538461539 0.04326923076923077
0 0.5432692307692307 0.5120192307692307 0.0889423076923077 0.051682692307692304
0 0.4254807692307692 0.5096153846153846 0.07451923076923077 0.04326923076923077
0 0.31009615384615385 0.5084134615384616 0.07932692307692307 0.038461538461538464
0 0.038461538461538464 0.49759615384615385 0.07451923076923077 0.04567307692307692