0 0.49399038461538464 0.8245192307692307 0.04326923076923077 0.07932692307692307
0 0.8173076923076923 0.6947115384615384 0.09375 0.04567307692307692
0 0.11057692307692307 0.5925480769230769 0.08774038461538461 0.04326923076923077
0 0.234375 0.5961538461538461 0.07451923076923077 0.042067307692307696
0 0.12139423076923077 0.5324519230769231 0.09014423076923077 0.04567307692307692
0 0.23918269230769232 0.4723557692307692 0.08774038461538461 0.055288461538461536
0 0.4699519230769231 0.49038461538461536 0.08653846153846154 0.042067307692307696
0 0.625 0.49278846153846156 0.09375 0.05048076923076923
0 0.7235576923076923 0.4987980769230769 0.05889423076923077 0.036057692307692304
0 0.8449519230769231 0.5012019230769231 0.08413461538461539 0.040865384615384616
0 0.9819711538461539 0.45913461538461536 0.036057692307692304 0.04567307692307692
0 0.890625 0.4543269230769231 0.08173076923076923 0.040865384615384616
0 0.7884615384615384 0.45072115384615385 0.07692307692307693 0.042067307692307696
0 0.6971153846153846 0.44711538461538464 0.07211538461538461 0.04326923076923077
0 0.5961538461538461 0.44350961538461536 0.06370192307692307 0.040865384615384616
0 0.5048076923076923 0.43990384615384615 0.07211538461538461 0.038461538461538464
0 0.4098557692307692 0.4362980769230769 0.06370192307692307 0.040865384615384616
0 0.31850961538461536 0.43149038461538464 0.06971153846153846 0.040865384615384616
0 0.40865384615384615 0.7043269230769231 0.0733173076923077 0.042067307692307696