0 0.1466346153846154 0.24759615384615385 0.07451923076923077 0.07692307692307693
0 0.11658653846153846 0.8137019230769231 0.09254807692307693 0.04567307692307692
0 0.2247596153846154 0.8185096153846154 0.08413461538461539 0.04326923076923077
0 0.3161057692307692 0.8233173076923077 0.07211538461538461 0.04326923076923077
0 0.9507211538461539 0.5228365384615384 0.07932692307692307 0.042067307692307696
0 0.8425480769230769 0.5180288461538461 0.07451923076923077 0.042067307692307696
0 0.7427884615384616 0.515625 0.06850961538461539 0.04326923076923077
0 0.6418269230769231 0.5096153846153846 0.09254807692307693 0.052884615384615384
0 0.5252403846153846 0.5060096153846154 0.0733173076923077 0.04326923076923077
0 0.4098557692307692 0.5024038461538461 0.08173076923076923 0.042067307692307696
0 0.1346153846153846 0.49399038461538464 0.0733173076923077 0.04567307692307692