0 0.3076923076923077 0.7379807692307693 0.08774038461538461 0.04326923076923077
0 0.03245192307692308 0.49759615384615385 0.06490384615384616 0.04326923076923077
0 0.8269230769230769 0.1466346153846154 0.038461538461538464 0.06971153846153846
0 0.7980769230769231 0.7932692307692307 0.0733173076923077 0.038461538461538464
0 0.8870192307692307 0.7944711538461539 0.0733173076923077 0.038461538461538464
0 0.9783653846153846 0.796875 0.04326923076923077 0.040865384615384616
0 0.5588942307692307 0.4675480769230769 0.07932692307692307 0.038461538461538464
0 0.47836538461538464 0.4675480769230769 0.06610576923076923 0.038461538461538464
0 0.38461538461538464 0.45913461538461536 0.08653846153846154 0.05048076923076923
0 0.27884615384615385 0.4651442307692308 0.0829326923076923 0.038461538461538464
0 0.19230769230769232 0.45913461538461536 0.052884615384615384 0.042067307692307696
0 0.10216346153846154 0.453125 0.06971153846153846 0.037259615384615384