0 0.4963942307692308 0.9122596153846154 0.056490384615384616 0.07211538461538461
0 0.12740384615384615 0.7079326923076923 0.0985576923076923 0.052884615384615384
0 0.5348557692307693 0.7560096153846154 0.09254807692307693 0.056490384615384616
0 0.11658653846153846 0.6033653846153846 0.08653846153846154 0.04807692307692308
0 0.23918269230769232 0.6141826923076923 0.07211538461538461 0.04326923076923077
0 0.12860576923076922 0.5456730769230769 0.09495192307692307 0.04567307692307692
0 0.24639423076923078 0.4879807692307692 0.08413461538461539 0.056490384615384616
0 0.47475961538461536 0.5072115384615384 0.0829326923076923 0.04567307692307692
0 0.6298076923076923 0.5108173076923077 0.09014423076923077 0.052884615384615384
0 0.7295673076923077 0.5144230769230769 0.0625 0.042067307692307696
0 0.8521634615384616 0.5192307692307693 0.08653846153846154 0.04326923076923077
0 0.984375 0.47836538461538464 0.03125 0.04567307692307692
0 0.8966346153846154 0.4723557692307692 0.07932692307692307 0.04326923076923077
0 0.796875 0.4723557692307692 0.07451923076923077 0.040865384615384616
0 0.7007211538461539 0.4651442307692308 0.06971153846153846 0.04326923076923077
0 0.6033653846153846 0.46153846153846156 0.06370192307692307 0.042067307692307696
0 0.5096153846153846 0.4567307692307692 0.07211538461538461 0.040865384615384616
0 0.41586538461538464 0.4519230769230769 0.06370192307692307 0.04567307692307692
0 0.3245192307692308 0.44591346153846156 0.07211538461538461 0.04567307692307692