0 0.16947115384615385 0.6598557692307693 0.09495192307692307 0.038461538461538464
0 0.4026442307692308 0.7139423076923077 0.09375 0.040865384615384616
0 0.037259615384615384 0.1658653846153846 0.0733173076923077 0.078125
0 0.025240384615384616 0.7572115384615384 0.05048076923076923 0.038461538461538464
0 0.11538461538461539 0.7584134615384616 0.08413461538461539 0.036057692307692304
0 0.20432692307692307 0.7632211538461539 0.07211538461538461 0.036057692307692304
0 0.7427884615384616 0.7716346153846154 0.07211538461538461 0.038461538461538464
0 0.8329326923076923 0.7728365384615384 0.06610576923076923 0.036057692307692304
0 0.9314903846153846 0.44350961538461536 0.07692307692307693 0.036057692307692304
0 0.8401442307692307 0.43990384615384615 0.08173076923076923 0.036057692307692304
0 0.7331730769230769 0.4362980769230769 0.07932692307692307 0.036057692307692304
0 0.6298076923076923 0.4338942307692308 0.07211538461538461 0.036057692307692304
0 0.53125 0.43149038461538464 0.09014423076923077 0.040865384615384616
0 0.41225961538461536 0.43028846153846156 0.06610576923076923 0.03245192307692308
0 0.296875 0.4266826923076923 0.08413461538461539 0.037259615384615384
0 0.03245192307692308 0.4230769230769231 0.06370192307692307 0.036057692307692304