0 0.14783653846153846 0.6814903846153846 0.09495192307692307 0.04326923076923077
0 0.5228365384615384 0.7331730769230769 0.0889423076923077 0.042067307692307696
0 0.03365384615384615 0.49038461538461536 0.0673076923076923 0.042067307692307696
0 0.828125 0.13221153846153846 0.037259615384615384 0.06971153846153846
0 0.8004807692307693 0.7848557692307693 0.07211538461538461 0.038461538461538464
0 0.8870192307692307 0.7872596153846154 0.07692307692307693 0.036057692307692304
0 0.9771634615384616 0.7872596153846154 0.04567307692307692 0.046875
0 0.5552884615384616 0.4579326923076923 0.07692307692307693 0.037259615384615384
0 0.47716346153846156 0.45913461538461536 0.0673076923076923 0.038461538461538464
0 0.38461538461538464 0.45072115384615385 0.08774038461538461 0.04567307692307692
0 0.2776442307692308 0.4543269230769231 0.0829326923076923 0.036057692307692304
0 0.19110576923076922 0.4495192307692308 0.051682692307692304 0.038461538461538464
0 0.10336538461538461 0.44471153846153844 0.06850961538461539 0.037259615384615384