0 0.4951923076923077 0.8629807692307693 0.040865384615384616 0.07932692307692307
0 0.40625 0.7019230769230769 0.09375 0.051682692307692304
0 0.8112980769230769 0.7403846153846154 0.09014423076923077 0.052884615384615384
0 0.11538461538461539 0.5949519230769231 0.09014423076923077 0.05048076923076923
0 0.23798076923076922 0.6033653846153846 0.07211538461538461 0.042067307692307696
0 0.12620192307692307 0.5372596153846154 0.0985576923076923 0.046875
0 0.24278846153846154 0.47716346153846156 0.08774038461538461 0.057692307692307696
0 0.47475961538461536 0.4987980769230769 0.0829326923076923 0.04567307692307692
0 0.6286057692307693 0.5 0.09254807692307693 0.056490384615384616
0 0.7307692307692307 0.5072115384615384 0.06370192307692307 0.040865384615384616
0 0.8485576923076923 0.5096153846153846 0.08173076923076923 0.04326923076923077
0 0.8930288461538461 0.46153846153846156 0.07932692307692307 0.04326923076923077
0 0.7932692307692307 0.46033653846153844 0.07692307692307693 0.04567307692307692
0 0.7007211538461539 0.4543269230769231 0.0733173076923077 0.04567307692307692
0 0.6009615384615384 0.45072115384615385 0.06610576923076923 0.04567307692307692
0 0.5084134615384616 0.44591346153846156 0.0733173076923077 0.042067307692307696
0 0.41346153846153844 0.4423076923076923 0.06370192307692307 0.04326923076923077
0 0.32211538461538464 0.4362980769230769 0.0733173076923077 0.038461538461538464
0 0.055288461538461536 0.6995192307692307 0.07451923076923077 0.04567307692307692