0 0.20552884615384615 0.7439903846153846 0.0889423076923077 0.046875
0 0.03245192307692308 0.5048076923076923 0.06490384615384616 0.04326923076923077
0 0.8293269230769231 0.15504807692307693 0.036057692307692304 0.0673076923076923
0 0.8004807692307693 0.8028846153846154 0.06971153846153846 0.04326923076923077
0 0.8858173076923077 0.8028846153846154 0.078125 0.038461538461538464
0 0.9783653846153846 0.8040865384615384 0.04326923076923077 0.042067307692307696
0 0.5564903846153846 0.47716346153846156 0.07692307692307693 0.042067307692307696
0 0.4795673076923077 0.47596153846153844 0.06610576923076923 0.04326923076923077
0 0.38461538461538464 0.4699519230769231 0.08653846153846154 0.04807692307692308
0 0.2776442307692308 0.4723557692307692 0.08413461538461539 0.042067307692307696
0 0.1935096153846154 0.4675480769230769 0.055288461538461536 0.04326923076923077
0 0.10216346153846154 0.46153846153846156 0.06971153846153846 0.036057692307692304