0 0.13701923076923078 0.6622596153846154 0.09495192307692307 0.040865384615384616
0 0.40024038461538464 0.7151442307692307 0.09375 0.04326923076923077
0 0.13701923076923078 0.16947115384615385 0.07451923076923077 0.0733173076923077
0 0.11057692307692307 0.7596153846153846 0.0985576923076923 0.038461538461538464
0 0.21995192307692307 0.7608173076923077 0.08774038461538461 0.037259615384615384
0 0.31009615384615385 0.7668269230769231 0.06971153846153846 0.036057692307692304
0 0.8473557692307693 0.7752403846153846 0.06971153846153846 0.038461538461538464
0 0.9387019230769231 0.7764423076923077 0.06129807692307692 0.03485576923076923
0 0.9447115384615384 0.44471153846153844 0.0829326923076923 0.036057692307692304
0 0.8377403846153846 0.4423076923076923 0.07932692307692307 0.03485576923076923
0 0.7355769230769231 0.4387019230769231 0.06850961538461539 0.038461538461538464
0 0.6358173076923077 0.4375 0.09014423076923077 0.040865384615384616
0 0.5168269230769231 0.43509615384615385 0.06850961538461539 0.036057692307692304
0 0.40024038461538464 0.43149038461538464 0.0829326923076923 0.037259615384615384
0 0.1310096153846154 0.4266826923076923 0.07692307692307693 0.03485576923076923