0 0.037259615384615384 0.20192307692307693 0.07451923076923077 0.07692307692307693
0 0.027644230769230768 0.7800480769230769 0.055288461538461536 0.040865384615384616
0 0.11778846153846154 0.7848557692307693 0.08653846153846154 0.038461538461538464
0 0.2091346153846154 0.7884615384615384 0.07211538461538461 0.037259615384615384
0 0.7403846153846154 0.8040865384615384 0.07692307692307693 0.038461538461538464
0 0.9350961538461539 0.4807692307692308 0.07692307692307693 0.037259615384615384
0 0.8449519230769231 0.47836538461538464 0.0829326923076923 0.037259615384615384
0 0.7355769230769231 0.47596153846153844 0.078125 0.036057692307692304
0 0.6346153846153846 0.47115384615384615 0.06850961538461539 0.038461538461538464
0 0.5348557692307693 0.4675480769230769 0.0889423076923077 0.05048076923076923
0 0.41586538461538464 0.4639423076923077 0.07211538461538461 0.037259615384615384
0 0.3004807692307692 0.46153846153846156 0.0829326923076923 0.038461538461538464
0 0.03245192307692308 0.4543269230769231 0.06490384615384616 0.038461538461538464