0 0.14302884615384615 0.20552884615384615 0.0733173076923077 0.0733173076923077
0 0.11538461538461539 0.7824519230769231 0.09375 0.040865384615384616
0 0.2247596153846154 0.7884615384615384 0.08653846153846154 0.038461538461538464
0 0.3137019230769231 0.7932692307692307 0.07451923076923077 0.038461538461538464
0 0.8509615384615384 0.8052884615384616 0.0733173076923077 0.038461538461538464
0 0.9507211538461539 0.4795673076923077 0.0829326923076923 0.03485576923076923
0 0.8413461538461539 0.47716346153846156 0.07932692307692307 0.036057692307692304
0 0.7403846153846154 0.4723557692307692 0.07211538461538461 0.037259615384615384
0 0.6418269230769231 0.46875 0.0889423076923077 0.046875
0 0.5216346153846154 0.4675480769230769 0.07211538461538461 0.038461538461538464
0 0.40625 0.46274038461538464 0.08413461538461539 0.038461538461538464
0 0.1346153846153846 0.4543269230769231 0.07692307692307693 0.037259615384615384