0 0.8762019230769231 0.6622596153846154 0.078125 0.038461538461538464
0 0.10576923076923077 0.5408653846153846 0.08774038461538461 0.036057692307692304
0 0.2283653846153846 0.5444711538461539 0.0733173076923077 0.036057692307692304
0 0.11658653846153846 0.4807692307692308 0.0985576923076923 0.042067307692307696
0 0.234375 0.4206730769230769 0.09014423076923077 0.04326923076923077
0 0.46274038461538464 0.43149038461538464 0.08413461538461539 0.038461538461538464
0 0.6213942307692307 0.4338942307692308 0.09495192307692307 0.04567307692307692
0 0.7199519230769231 0.4375 0.06370192307692307 0.040865384615384616
0 0.8401442307692307 0.4387019230769231 0.0829326923076923 0.038461538461538464
0 0.9783653846153846 0.3942307692307692 0.04326923076923077 0.037259615384615384
0 0.8822115384615384 0.3918269230769231 0.078125 0.03245192307692308
0 0.7848557692307693 0.3870192307692308 0.078125 0.03485576923076923
0 0.6887019230769231 0.3870192307692308 0.06610576923076923 0.03245192307692308
0 0.5913461538461539 0.3858173076923077 0.0673076923076923 0.037259615384615384
0 0.5 0.38221153846153844 0.07451923076923077 0.03485576923076923
0 0.4050480769230769 0.3786057692307692 0.0625 0.03245192307692308
0 0.3112980769230769 0.3786057692307692 0.0733173076923077 0.03485576923076923