0 0.14182692307692307 0.23317307692307693 0.078125 0.07692307692307693
0 0.11298076923076923 0.8052884615384616 0.09375 0.042067307692307696
0 0.22235576923076922 0.8112980769230769 0.08774038461538461 0.042067307692307696
0 0.3137019230769231 0.8161057692307693 0.06971153846153846 0.038461538461538464
0 0.8413461538461539 0.8317307692307693 0.0829326923076923 0.038461538461538464
0 0.9483173076923077 0.5096153846153846 0.08173076923076923 0.04326923076923077
0 0.8413461538461539 0.5060096153846154 0.07932692307692307 0.038461538461538464
0 0.7391826923076923 0.5012019230769231 0.06850961538461539 0.038461538461538464
0 0.6394230769230769 0.49759615384615385 0.0889423076923077 0.051682692307692304
0 0.5216346153846154 0.49399038461538464 0.07211538461538461 0.038461538461538464
0 0.4050480769230769 0.49278846153846156 0.0829326923076923 0.042067307692307696
0 0.1346153846153846 0.4831730769230769 0.07692307692307693 0.042067307692307696