0 0.49399038461538464 0.8425480769230769 0.038461538461538464 0.08173076923076923
0 0.6081730769230769 0.6995192307692307 0.09375 0.04807692307692308
0 0.11538461538461539 0.5949519230769231 0.08653846153846154 0.04326923076923077
0 0.23798076923076922 0.5997596153846154 0.07211538461538461 0.042067307692307696
0 0.12379807692307693 0.5348557692307693 0.09495192307692307 0.046875
0 0.2403846153846154 0.47475961538461536 0.08774038461538461 0.056490384615384616
0 0.4723557692307692 0.49399038461538464 0.08653846153846154 0.04567307692307692
0 0.6286057692307693 0.4987980769230769 0.09735576923076923 0.052884615384615384
0 0.7247596153846154 0.5048076923076923 0.06370192307692307 0.040865384615384616
0 0.8473557692307693 0.5060096153846154 0.0829326923076923 0.040865384615384616
0 0.8942307692307693 0.45913461538461536 0.078125 0.040865384615384616
0 0.7908653846153846 0.45552884615384615 0.07932692307692307 0.042067307692307696
0 0.6995192307692307 0.4519230769230769 0.07211538461538461 0.04326923076923077
0 0.5985576923076923 0.4483173076923077 0.06610576923076923 0.04326923076923077
0 0.5060096153846154 0.44350961538461536 0.07211538461538461 0.042067307692307696
0 0.41225961538461536 0.4387019230769231 0.06610576923076923 0.04326923076923077
0 0.32091346153846156 0.43509615384615385 0.06971153846153846 0.038461538461538464
0 0.23076923076923078 0.7043269230769231 0.07211538461538461 0.04567307692307692