0 0.7872596153846154 0.671875 0.07451923076923077 0.037259615384615384
0 0.10576923076923077 0.5432692307692307 0.08653846153846154 0.036057692307692304
0 0.2283653846153846 0.5456730769230769 0.06971153846153846 0.036057692307692304
0 0.11658653846153846 0.4831730769230769 0.09495192307692307 0.042067307692307696
0 0.23317307692307693 0.42427884615384615 0.08653846153846154 0.042067307692307696
0 0.4639423076923077 0.4423076923076923 0.08413461538461539 0.037259615384615384
0 0.6177884615384616 0.44591346153846156 0.09375 0.04567307692307692
0 0.8377403846153846 0.45072115384615385 0.08173076923076923 0.038461538461538464
0 0.9783653846153846 0.4074519230769231 0.04326923076923077 0.036057692307692304
0 0.8810096153846154 0.40384615384615385 0.078125 0.036057692307692304
0 0.7824519230769231 0.40024038461538464 0.07692307692307693 0.036057692307692304
0 0.6887019230769231 0.39903846153846156 0.06971153846153846 0.036057692307692304
0 0.5913461538461539 0.39663461538461536 0.0673076923076923 0.037259615384615384
0 0.4963942307692308 0.3942307692307692 0.07451923076923077 0.036057692307692304
0 0.40024038461538464 0.3894230769230769 0.06129807692307692 0.03485576923076923
0 0.3112980769230769 0.3858173076923077 0.0733173076923077 0.03485576923076923