0 0.22716346153846154 0.5685096153846154 0.06370192307692307 0.04807692307692308
0 0.6310096153846154 0.3293269230769231 0.08173076923076923 0.057692307692307696
0 0.6899038461538461 0.39903846153846156 0.0733173076923077 0.057692307692307696
0 0.24158653846153846 0.40024038461538464 0.06370192307692307 0.036057692307692304
0 0.07451923076923077 0.2668269230769231 0.057692307692307696 0.07692307692307693
0 0.02283653846153846 0.16826923076923078 0.04567307692307692 0.06971153846153846
0 0.06490384615384616 0.03485576923076923 0.055288461538461536 0.06610576923076923
0 0.4423076923076923 0.08173076923076923 0.06850961538461539 0.03485576923076923
0 0.5697115384615384 0.07451923076923077 0.06610576923076923 0.03485576923076923
0 0.4254807692307692 0.8209134615384616 0.06370192307692307 0.06129807692307692
0 0.4855769230769231 0.8725961538461539 0.06971153846153846 0.06971153846153846
0 0.5444711538461539 0.9230769230769231 0.0733173076923077 0.06610576923076923
0 0.6081730769230769 0.9663461538461539 0.06971153846153846 0.06129807692307692
0 0.8641826923076923 0.4543269230769231 0.037259615384615384 0.06850961538461539
0 0.8473557692307693 0.5685096153846154 0.038461538461538464 0.07692307692307693
0 0.8401442307692307 0.6574519230769231 0.038461538461538464 0.06610576923076923
0 0.8112980769230769 0.8329326923076923 0.037259615384615384 0.07451923076923077
0 0.8737980769230769 0.6790865384615384 0.057692307692307696 0.07932692307692307
0 0.9230769230769231 0.6262019230769231 0.04326923076923077 0.07932692307692307