0 0.46875 0.5685096153846154 0.06610576923076923 0.05048076923076923
0 0.296875 0.6490384615384616 0.06850961538461539 0.05048076923076923
0 0.6911057692307693 0.41225961538461536 0.078125 0.056490384615384616
0 0.46274038461538464 0.39663461538461536 0.0673076923076923 0.040865384615384616
0 0.31850961538461536 0.2668269230769231 0.05889423076923077 0.07692307692307693
0 0.2608173076923077 0.1658653846153846 0.05048076923076923 0.0673076923076923
0 0.30649038461538464 0.03485576923076923 0.052884615384615384 0.06610576923076923
0 0.08173076923076923 0.026442307692307692 0.07692307692307693 0.046875
0 0.25721153846153844 0.2848557692307692 0.042067307692307696 0.05048076923076923
0 0.18629807692307693 0.125 0.04326923076923077 0.052884615384615384
0 0.6826923076923077 0.07932692307692307 0.07211538461538461 0.040865384615384616
0 0.8112980769230769 0.07572115384615384 0.06610576923076923 0.03245192307692308
0 0.12259615384615384 0.7620192307692307 0.07692307692307693 0.05048076923076923
0 0.2127403846153846 0.9699519230769231 0.06370192307692307 0.03485576923076923
0 0.6694711538461539 0.8221153846153846 0.06370192307692307 0.0625
0 0.7271634615384616 0.8713942307692307 0.06971153846153846 0.06850961538461539
0 0.7872596153846154 0.9230769230769231 0.06971153846153846 0.06370192307692307
0 0.8509615384615384 0.9675480769230769 0.06850961538461539 0.05889423076923077