0 0.4735576923076923 0.5685096153846154 0.06610576923076923 0.05048076923076923
0 0.07211538461538461 0.6947115384615384 0.06850961538461539 0.046875
0 0.23918269230769232 0.6754807692307693 0.06850961538461539 0.04807692307692308
0 0.8161057692307693 0.35697115384615385 0.07932692307692307 0.057692307692307696
0 0.984375 0.3605769230769231 0.03125 0.057692307692307696
0 0.4831730769230769 0.4014423076923077 0.06610576923076923 0.03485576923076923
0 0.32091346153846156 0.2668269230769231 0.06129807692307692 0.07692307692307693
0 0.265625 0.1658653846153846 0.05048076923076923 0.0673076923076923
0 0.3112980769230769 0.03485576923076923 0.052884615384615384 0.06610576923076923
0 0.08413461538461539 0.028846153846153848 0.0733173076923077 0.04807692307692308
0 0.2608173076923077 0.2848557692307692 0.037259615384615384 0.04807692307692308
0 0.18870192307692307 0.12379807692307693 0.04326923076923077 0.055288461538461536
0 0.6875 0.08052884615384616 0.06850961538461539 0.036057692307692304
0 0.8161057692307693 0.07572115384615384 0.06610576923076923 0.03245192307692308
0 0.21634615384615385 0.9735576923076923 0.06370192307692307 0.03485576923076923
0 0.6730769230769231 0.8221153846153846 0.0625 0.06129807692307692
0 0.7307692307692307 0.8737980769230769 0.06971153846153846 0.0673076923076923
0 0.7908653846153846 0.9230769230769231 0.07211538461538461 0.06370192307692307
0 0.8557692307692307 0.9675480769230769 0.0673076923076923 0.05889423076923077