0 0.2127403846153846 0.5721153846153846 0.0673076923076923 0.05048076923076923
0 0.06370192307692307 0.640625 0.06971153846153846 0.05048076923076923
0 0.37259615384615385 0.44350961538461536 0.07932692307692307 0.0625
0 0.9627403846153846 0.2620192307692308 0.07211538461538461 0.04807692307692308
0 0.19471153846153846 0.39663461538461536 0.06850961538461539 0.04567307692307692
0 0.0625 0.26802884615384615 0.05889423076923077 0.07692307692307693
0 0.015625 0.17067307692307693 0.03125 0.06850961538461539
0 0.051682692307692304 0.037259615384615384 0.056490384615384616 0.0673076923076923
0 0.42788461538461536 0.08413461538461539 0.07211538461538461 0.036057692307692304
0 0.5552884615384616 0.078125 0.06610576923076923 0.03125
0 0.41346153846153844 0.8245192307692307 0.06370192307692307 0.05889423076923077
0 0.4723557692307692 0.8762019230769231 0.07211538461538461 0.0673076923076923
0 0.53125 0.9266826923076923 0.07211538461538461 0.06610576923076923
0 0.5949519230769231 0.96875 0.06850961538461539 0.0625
0 0.8485576923076923 0.4579326923076923 0.037259615384615384 0.06610576923076923
0 0.8329326923076923 0.5697115384615384 0.03485576923076923 0.07451923076923077
0 0.8257211538461539 0.6634615384615384 0.036057692307692304 0.06370192307692307
0 0.7980769230769231 0.8377403846153846 0.036057692307692304 0.07451923076923077
0 0.8629807692307693 0.6670673076923077 0.04807692307692308 0.078125
0 0.9098557692307693 0.6286057692307693 0.042067307692307696 0.08173076923076923