0 0.22355769230769232 0.5685096153846154 0.06610576923076923 0.05048076923076923
0 0.5661057692307693 0.35697115384615385 0.07932692307692307 0.057692307692307696
0 0.7572115384615384 0.36177884615384615 0.07451923076923077 0.057692307692307696
0 0.23317307692307693 0.4014423076923077 0.06610576923076923 0.03485576923076923
0 0.07091346153846154 0.2668269230769231 0.06129807692307692 0.07692307692307693
0 0.020432692307692308 0.1658653846153846 0.040865384615384616 0.0673076923076923
0 0.06129807692307692 0.03485576923076923 0.052884615384615384 0.06610576923076923
0 0.4375 0.08052884615384616 0.06850961538461539 0.036057692307692304
0 0.5661057692307693 0.07572115384615384 0.06610576923076923 0.03245192307692308
0 0.4230769230769231 0.8221153846153846 0.0625 0.06129807692307692
0 0.4807692307692308 0.8737980769230769 0.06971153846153846 0.0673076923076923
0 0.5408653846153846 0.9230769230769231 0.07211538461538461 0.06370192307692307
0 0.6057692307692307 0.9675480769230769 0.0673076923076923 0.05889423076923077
0 0.859375 0.4567307692307692 0.037259615384615384 0.06610576923076923
0 0.84375 0.5685096153846154 0.040865384615384616 0.0733173076923077
0 0.8353365384615384 0.6598557692307693 0.042067307692307696 0.06370192307692307
0 0.8064903846153846 0.8341346153846154 0.038461538461538464 0.07692307692307693
0 0.8713942307692307 0.6730769230769231 0.055288461538461536 0.08173076923076923
0 0.9194711538461539 0.6262019230769231 0.04567307692307692 0.078125