0 0.21875 0.5685096153846154 0.06610576923076923 0.05048076923076923
0 0.046875 0.6490384615384616 0.06850961538461539 0.05048076923076923
0 0.4411057692307692 0.41225961538461536 0.078125 0.056490384615384616
0 0.8966346153846154 0.28846153846153844 0.0733173076923077 0.055288461538461536
0 0.2127403846153846 0.39663461538461536 0.0673076923076923 0.040865384615384616
0 0.06850961538461539 0.2668269230769231 0.05889423076923077 0.07692307692307693
0 0.018028846153846152 0.1658653846153846 0.036057692307692304 0.0673076923076923
0 0.056490384615384616 0.03485576923076923 0.052884615384615384 0.06610576923076923
0 0.4326923076923077 0.07932692307692307 0.07211538461538461 0.040865384615384616
0 0.5612980769230769 0.07572115384615384 0.06610576923076923 0.03245192307692308
0 0.41947115384615385 0.8221153846153846 0.06370192307692307 0.0625
0 0.47716346153846156 0.8713942307692307 0.06971153846153846 0.06850961538461539
0 0.5372596153846154 0.9230769230769231 0.06971153846153846 0.06370192307692307
0 0.6009615384615384 0.9675480769230769 0.06850961538461539 0.05889423076923077
0 0.8545673076923077 0.4543269230769231 0.037259615384615384 0.06850961538461539
0 0.8377403846153846 0.5685096153846154 0.038461538461538464 0.07692307692307693
0 0.8317307692307693 0.6598557692307693 0.040865384615384616 0.06610576923076923
0 0.8028846153846154 0.8329326923076923 0.036057692307692304 0.07451923076923077
0 0.8689903846153846 0.6670673076923077 0.052884615384615384 0.08173076923076923
0 0.9158653846153846 0.6237980769230769 0.04326923076923077 0.078125