0 0.47716346153846156 0.5685096153846154 0.06370192307692307 0.04807692307692308
0 0.15264423076923078 0.6658653846153846 0.06850961538461539 0.04807692307692308
0 0.20673076923076922 0.6911057692307693 0.07211538461538461 0.04807692307692308
0 0.8810096153846154 0.3293269230769231 0.08173076923076923 0.057692307692307696
0 0.9399038461538461 0.39903846153846156 0.0733173076923077 0.057692307692307696
0 0.49158653846153844 0.40024038461538464 0.06370192307692307 0.036057692307692304
0 0.3245192307692308 0.2668269230769231 0.057692307692307696 0.07692307692307693
0 0.2692307692307692 0.16826923076923078 0.051682692307692304 0.06971153846153846
0 0.31490384615384615 0.03485576923076923 0.055288461538461536 0.06610576923076923
0 0.0889423076923077 0.027644230769230768 0.07451923076923077 0.051682692307692304
0 0.2644230769230769 0.28725961538461536 0.036057692307692304 0.04567307692307692
0 0.1935096153846154 0.12379807692307693 0.04567307692307692 0.055288461538461536
0 0.6923076923076923 0.08173076923076923 0.06850961538461539 0.03485576923076923
0 0.8197115384615384 0.07451923076923077 0.06610576923076923 0.03485576923076923
0 0.21875 0.9723557692307693 0.06610576923076923 0.03485576923076923
0 0.6754807692307693 0.8209134615384616 0.06370192307692307 0.06129807692307692
0 0.7355769230769231 0.8725961538461539 0.06971153846153846 0.06971153846153846
0 0.7944711538461539 0.9230769230769231 0.0733173076923077 0.06610576923076923
0 0.8581730769230769 0.9663461538461539 0.06971153846153846 0.06129807692307692