0 0.46875 0.5685096153846154 0.06610576923076923 0.05048076923076923
0 0.2692307692307692 0.6598557692307693 0.06850961538461539 0.051682692307692304
0 0.7524038461538461 0.38461538461538464 0.07932692307692307 0.05889423076923077
0 0.4723557692307692 0.39903846153846156 0.06370192307692307 0.036057692307692304
0 0.31850961538461536 0.2668269230769231 0.05889423076923077 0.07692307692307693
0 0.2620192307692308 0.1658653846153846 0.051682692307692304 0.0673076923076923
0 0.30649038461538464 0.03245192307692308 0.05048076923076923 0.0625
0 0.08052884615384616 0.025240384615384616 0.0733173076923077 0.04567307692307692
0 0.25721153846153844 0.28725961538461536 0.038461538461538464 0.04567307692307692
0 0.18389423076923078 0.12379807692307693 0.04326923076923077 0.052884615384615384
0 0.6838942307692307 0.078125 0.07211538461538461 0.037259615384615384
0 0.8112980769230769 0.07572115384615384 0.06610576923076923 0.03245192307692308
0 0.04927884615384615 0.7884615384615384 0.0733173076923077 0.04807692307692308
0 0.2127403846153846 0.9723557692307693 0.06610576923076923 0.036057692307692304
0 0.6706730769230769 0.8221153846153846 0.06610576923076923 0.0625
0 0.7283653846153846 0.8725961538461539 0.07211538461538461 0.06971153846153846
0 0.7860576923076923 0.9230769230769231 0.07211538461538461 0.06370192307692307
0 0.8509615384615384 0.9663461538461539 0.06971153846153846 0.06370192307692307