0 0.21875 0.5685096153846154 0.06610576923076923 0.05048076923076923
0 0.026442307692307692 0.6598557692307693 0.052884615384615384 0.051682692307692304
0 0.5024038461538461 0.38461538461538464 0.07932692307692307 0.05889423076923077
0 0.8233173076923077 0.3233173076923077 0.07451923076923077 0.056490384615384616
0 0.22235576923076922 0.39903846153846156 0.06370192307692307 0.036057692307692304
0 0.06850961538461539 0.2668269230769231 0.05889423076923077 0.07692307692307693
0 0.019230769230769232 0.1658653846153846 0.037259615384615384 0.0673076923076923
0 0.056490384615384616 0.03245192307692308 0.05048076923076923 0.0625
0 0.4338942307692308 0.078125 0.07211538461538461 0.037259615384615384
0 0.5612980769230769 0.07572115384615384 0.06610576923076923 0.03245192307692308
0 0.4206730769230769 0.8221153846153846 0.06610576923076923 0.0625
0 0.47836538461538464 0.8725961538461539 0.07211538461538461 0.06971153846153846
0 0.5360576923076923 0.9230769230769231 0.07211538461538461 0.06370192307692307
0 0.6009615384615384 0.9663461538461539 0.06971153846153846 0.06370192307692307
0 0.8533653846153846 0.4543269230769231 0.036057692307692304 0.06610576923076923
0 0.8389423076923077 0.5685096153846154 0.040865384615384616 0.07692307692307693
0 0.8317307692307693 0.6598557692307693 0.040865384615384616 0.06610576923076923
0 0.8028846153846154 0.8341346153846154 0.040865384615384616 0.07692307692307693
0 0.8677884615384616 0.6706730769230769 0.051682692307692304 0.08173076923076923
0 0.9146634615384616 0.6262019230769231 0.04567307692307692 0.07932692307692307