0 0.4567307692307692 0.5697115384615384 0.06971153846153846 0.051682692307692304
0 0.3762019230769231 0.6057692307692307 0.0673076923076923 0.05048076923076923
0 0.039663461538461536 0.6875 0.07932692307692307 0.052884615384615384
0 0.2932692307692308 0.12259615384615384 0.056490384615384616 0.06971153846153846
0 0.3076923076923077 0.2644230769230769 0.056490384615384616 0.07451923076923077
0 0.25 0.16346153846153846 0.05048076923076923 0.07211538461538461
0 0.2956730769230769 0.03485576923076923 0.052884615384615384 0.06370192307692307
0 0.06971153846153846 0.025240384615384616 0.07451923076923077 0.04326923076923077
0 0.24759615384615385 0.28365384615384615 0.038461538461538464 0.04567307692307692
0 0.17427884615384615 0.12379807692307693 0.042067307692307696 0.056490384615384616
0 0.6730769230769231 0.07932692307692307 0.06971153846153846 0.03485576923076923
0 0.7980769230769231 0.07451923076923077 0.06850961538461539 0.03245192307692308
0 0.6394230769230769 0.42908653846153844 0.06370192307692307 0.051682692307692304
0 0.8449519230769231 0.42427884615384615 0.0733173076923077 0.055288461538461536
0 0.47596153846153844 0.6177884615384616 0.078125 0.056490384615384616
0 0.203125 0.9723557692307693 0.06610576923076923 0.03485576923076923
0 0.6598557692307693 0.8209134615384616 0.057692307692307696 0.057692307692307696
0 0.7163461538461539 0.8701923076923077 0.0673076923076923 0.06610576923076923
0 0.7776442307692307 0.9230769230769231 0.0733173076923077 0.0673076923076923
0 0.8377403846153846 0.9651442307692307 0.07211538461538461 0.06370192307692307