0 0.4567307692307692 0.5685096153846154 0.06850961538461539 0.05048076923076923
0 0.3762019230769231 0.6069711538461539 0.0673076923076923 0.051682692307692304
0 0.10336538461538461 0.6622596153846154 0.07932692307692307 0.05889423076923077
0 0.31850961538461536 0.1658653846153846 0.055288461538461536 0.06971153846153846
0 0.30649038461538464 0.2644230769230769 0.057692307692307696 0.07451923076923077
0 0.2512019230769231 0.16466346153846154 0.04807692307692308 0.06971153846153846
0 0.2956730769230769 0.03485576923076923 0.051682692307692304 0.06610576923076923
0 0.06971153846153846 0.025240384615384616 0.0733173076923077 0.04326923076923077
0 0.24639423076923078 0.2848557692307692 0.038461538461538464 0.04567307692307692
0 0.17307692307692307 0.12379807692307693 0.04326923076923077 0.055288461538461536
0 0.6730769230769231 0.08052884615384616 0.0733173076923077 0.036057692307692304
0 0.7980769230769231 0.07451923076923077 0.06610576923076923 0.03245192307692308
0 0.7115384615384616 0.3942307692307692 0.0625 0.04807692307692308
0 0.7740384615384616 0.46033653846153844 0.0733173076923077 0.057692307692307696
0 0.4074519230769231 0.6490384615384616 0.07932692307692307 0.052884615384615384
0 0.20192307692307693 0.9699519230769231 0.0673076923076923 0.036057692307692304
0 0.6586538461538461 0.8197115384615384 0.057692307692307696 0.056490384615384616
0 0.7151442307692307 0.8701923076923077 0.06850961538461539 0.06850961538461539
0 0.7752403846153846 0.9230769230769231 0.0733173076923077 0.0673076923076923
0 0.8365384615384616 0.9639423076923077 0.06971153846153846 0.0625