0 0.21033653846153846 0.5685096153846154 0.06971153846153846 0.052884615384615384
0 0.12620192307692307 0.6081730769230769 0.0673076923076923 0.05048076923076923
0 0.11057692307692307 0.24879807692307693 0.05048076923076923 0.06850961538461539
0 0.06129807692307692 0.2644230769230769 0.057692307692307696 0.07451923076923077
0 0.014423076923076924 0.1622596153846154 0.028846153846153848 0.06971153846153846
0 0.05048076923076923 0.03245192307692308 0.052884615384615384 0.06370192307692307
0 0.4266826923076923 0.07932692307692307 0.07211538461538461 0.036057692307692304
0 0.5528846153846154 0.07451923076923077 0.06610576923076923 0.03245192307692308
0 0.6069711538461539 0.3293269230769231 0.0673076923076923 0.051682692307692304
0 0.3858173076923077 0.5348557692307693 0.07451923076923077 0.052884615384615384
0 0.030048076923076924 0.7079326923076923 0.05889423076923077 0.052884615384615384
0 0.41225961538461536 0.8209134615384616 0.05889423076923077 0.057692307692307696
0 0.4723557692307692 0.8713942307692307 0.07211538461538461 0.06610576923076923
0 0.53125 0.9206730769230769 0.06850961538461539 0.06129807692307692
0 0.5913461538461539 0.9651442307692307 0.06971153846153846 0.0625
0 0.84375 0.4543269230769231 0.03485576923076923 0.06610576923076923
0 0.8317307692307693 0.5661057692307693 0.037259615384615384 0.07451923076923077
0 0.8221153846153846 0.6574519230769231 0.03485576923076923 0.0625
0 0.7956730769230769 0.8329326923076923 0.036057692307692304 0.06850961538461539
0 0.8629807692307693 0.6514423076923077 0.046875 0.08173076923076923
0 0.90625 0.6237980769230769 0.040865384615384616 0.07932692307692307
0 0.8822115384615384 0.8004807692307693 0.037259615384615384 0.0733173076923077