0 0.4675480769230769 0.5685096153846154 0.06850961538461539 0.052884615384615384
0 0.33653846153846156 0.6298076923076923 0.06850961538461539 0.05048076923076923
0 0.5649038461538461 0.4699519230769231 0.07932692307692307 0.05889423076923077
0 0.4362980769230769 0.38461538461538464 0.06610576923076923 0.05048076923076923
0 0.3173076923076923 0.26322115384615385 0.05889423076923077 0.07692307692307693
0 0.25961538461538464 0.1658653846153846 0.04807692307692308 0.0673076923076923
0 0.30528846153846156 0.03485576923076923 0.052884615384615384 0.06610576923076923
0 0.07932692307692307 0.025240384615384616 0.07211538461538461 0.042067307692307696
0 0.2548076923076923 0.2848557692307692 0.040865384615384616 0.046875
0 0.18389423076923078 0.12620192307692307 0.04326923076923077 0.051682692307692304
0 0.6814903846153846 0.07932692307692307 0.06850961538461539 0.03485576923076923
0 0.8088942307692307 0.07451923076923077 0.06370192307692307 0.03125
0 0.27283653846153844 0.7043269230769231 0.07692307692307693 0.051682692307692304
0 0.2127403846153846 0.9711538461538461 0.06850961538461539 0.036057692307692304
0 0.6670673076923077 0.8221153846153846 0.0625 0.06129807692307692
0 0.7259615384615384 0.8713942307692307 0.0733173076923077 0.06850961538461539
0 0.7848557692307693 0.9230769230769231 0.07211538461538461 0.06370192307692307
0 0.8497596153846154 0.9651442307692307 0.0673076923076923 0.05889423076923077