0 0.2091346153846154 0.5709134615384616 0.06971153846153846 0.051682692307692304
0 0.12139423076923077 0.6129807692307693 0.0673076923076923 0.05048076923076923
0 0.054086538461538464 0.5877403846153846 0.07932692307692307 0.05889423076923077
0 0.125 0.28846153846153844 0.046875 0.06850961538461539
0 0.06009615384615385 0.26802884615384615 0.06129807692307692 0.07692307692307693
0 0.014423076923076924 0.16826923076923078 0.027644230769230768 0.06971153846153846
0 0.04807692307692308 0.03485576923076923 0.051682692307692304 0.06370192307692307
0 0.4254807692307692 0.08173076923076923 0.07211538461538461 0.037259615384615384
0 0.5528846153846154 0.07692307692307693 0.0673076923076923 0.03245192307692308
0 0.6766826923076923 0.30288461538461536 0.06610576923076923 0.051682692307692304
0 0.3125 0.5745192307692307 0.07451923076923077 0.055288461538461536
0 0.4110576923076923 0.8245192307692307 0.05889423076923077 0.057692307692307696
0 0.4699519230769231 0.8737980769230769 0.0733173076923077 0.0673076923076923
0 0.5300480769230769 0.9254807692307693 0.06971153846153846 0.0625
0 0.5889423076923077 0.9675480769230769 0.07211538461538461 0.06370192307692307
0 0.84375 0.4579326923076923 0.03485576923076923 0.06610576923076923
0 0.8293269230769231 0.5697115384615384 0.03485576923076923 0.07451923076923077
0 0.8221153846153846 0.6598557692307693 0.03485576923076923 0.0625
0 0.7932692307692307 0.8377403846153846 0.03485576923076923 0.06971153846153846
0 0.8605769230769231 0.6574519230769231 0.046875 0.07932692307692307
0 0.9050480769230769 0.6262019230769231 0.040865384615384616 0.078125
0 0.8822115384615384 0.8052884615384616 0.038461538461538464 0.0733173076923077