0 0.20432692307692307 0.5697115384615384 0.06971153846153846 0.052884615384615384
0 0.12259615384615384 0.6081730769230769 0.0673076923076923 0.051682692307692304
0 0.021634615384615384 0.07572115384615384 0.042067307692307696 0.06971153846153846
0 0.055288461538461536 0.265625 0.056490384615384616 0.07451923076923077
0 0.042067307692307696 0.03485576923076923 0.052884615384615384 0.06370192307692307
0 0.41947115384615385 0.08173076923076923 0.06971153846153846 0.03485576923076923
0 0.5432692307692307 0.07692307692307693 0.0673076923076923 0.03485576923076923
0 0.3161057692307692 0.4651442307692308 0.06610576923076923 0.051682692307692304
0 0.6610576923076923 0.38822115384615385 0.07451923076923077 0.057692307692307696
0 0.2932692307692308 0.5877403846153846 0.07932692307692307 0.057692307692307696
0 0.4050480769230769 0.8233173076923077 0.057692307692307696 0.056490384615384616
0 0.4639423076923077 0.8737980769230769 0.06850961538461539 0.06610576923076923
0 0.5240384615384616 0.9230769230769231 0.07451923076923077 0.0673076923076923
0 0.5829326923076923 0.9675480769230769 0.07211538461538461 0.0625
0 0.8353365384615384 0.4567307692307692 0.036057692307692304 0.0673076923076923
0 0.8161057692307693 0.65625 0.037259615384615384 0.06610576923076923
0 0.7872596153846154 0.8341346153846154 0.038461538461538464 0.0733173076923077
0 0.8557692307692307 0.6382211538461539 0.040865384615384616 0.07692307692307693
0 0.8954326923076923 0.6262019230769231 0.037259615384615384 0.078125
0 0.8737980769230769 0.8040865384615384 0.03485576923076923 0.0733173076923077