0 0.46274038461538464 0.5685096153846154 0.0673076923076923 0.05048076923076923
0 0.3581730769230769 0.6177884615384616 0.0673076923076923 0.05048076923076923
0 0.4375 0.5276442307692307 0.078125 0.057692307692307696
0 0.40625 0.34615384615384615 0.056490384615384616 0.06370192307692307
0 0.3137019230769231 0.265625 0.05889423076923077 0.07451923076923077
0 0.25721153846153844 0.16346153846153846 0.05048076923076923 0.06850961538461539
0 0.3016826923076923 0.03245192307692308 0.052884615384615384 0.06370192307692307
0 0.07692307692307693 0.025240384615384616 0.07451923076923077 0.04807692307692308
0 0.2536057692307692 0.2848557692307692 0.037259615384615384 0.046875
0 0.1814903846153846 0.125 0.042067307692307696 0.05048076923076923
0 0.6802884615384616 0.07932692307692307 0.06850961538461539 0.036057692307692304
0 0.8064903846153846 0.07451923076923077 0.0673076923076923 0.03485576923076923
0 0.4206730769230769 0.640625 0.07451923076923077 0.052884615384615384
0 0.06009615384615385 0.7884615384615384 0.07692307692307693 0.04807692307692308
0 0.2091346153846154 0.9723557692307693 0.06610576923076923 0.037259615384615384
0 0.6646634615384616 0.8197115384615384 0.06129807692307692 0.05889423076923077
0 0.7223557692307693 0.8713942307692307 0.0733173076923077 0.06850961538461539
0 0.7836538461538461 0.9230769230769231 0.06971153846153846 0.06370192307692307
0 0.8461538461538461 0.9651442307692307 0.06971153846153846 0.06129807692307692