0 0.21394230769230768 0.5697115384615384 0.06850961538461539 0.05048076923076923
0 0.11899038461538461 0.6141826923076923 0.0673076923076923 0.05048076923076923
0 0.12259615384615384 0.5564903846153846 0.07932692307692307 0.057692307692307696
0 0.14423076923076922 0.32091346153846156 0.05048076923076923 0.0673076923076923
0 0.06370192307692307 0.2644230769230769 0.05889423076923077 0.0733173076923077
0 0.015625 0.1658653846153846 0.03125 0.0673076923076923
0 0.052884615384615384 0.03365384615384615 0.055288461538461536 0.0673076923076923
0 0.43028846153846156 0.07932692307692307 0.06850961538461539 0.03485576923076923
0 0.5564903846153846 0.07451923076923077 0.0673076923076923 0.03485576923076923
0 0.7536057692307693 0.27163461538461536 0.0673076923076923 0.051682692307692304
0 0.24519230769230768 0.6081730769230769 0.07451923076923077 0.055288461538461536
0 0.41586538461538464 0.8221153846153846 0.06129807692307692 0.057692307692307696
0 0.47475961538461536 0.8725961538461539 0.06850961538461539 0.0673076923076923
0 0.5348557692307693 0.9230769230769231 0.06971153846153846 0.06370192307692307
0 0.5973557692307693 0.9663461538461539 0.06850961538461539 0.06129807692307692
0 0.8473557692307693 0.45552884615384615 0.036057692307692304 0.0673076923076923
0 0.8353365384615384 0.5685096153846154 0.036057692307692304 0.0733173076923077
0 0.8269230769230769 0.6586538461538461 0.037259615384615384 0.06370192307692307
0 0.7992788461538461 0.8353365384615384 0.036057692307692304 0.06971153846153846
0 0.8665865384615384 0.65625 0.04567307692307692 0.078125
0 0.9098557692307693 0.625 0.042067307692307696 0.078125
0 0.8870192307692307 0.8028846153846154 0.038461538461538464 0.0733173076923077