0 0.4639423076923077 0.5697115384615384 0.06850961538461539 0.05048076923076923
0 0.36899038461538464 0.6141826923076923 0.0673076923076923 0.05048076923076923
0 0.37259615384615385 0.5564903846153846 0.07932692307692307 0.057692307692307696
0 0.3942307692307692 0.32091346153846156 0.05048076923076923 0.0673076923076923
0 0.3137019230769231 0.2644230769230769 0.05889423076923077 0.0733173076923077
0 0.25721153846153844 0.1658653846153846 0.046875 0.0673076923076923
0 0.30288461538461536 0.03365384615384615 0.055288461538461536 0.0673076923076923
0 0.07692307692307693 0.026442307692307692 0.0733173076923077 0.05048076923076923
0 0.1814903846153846 0.12620192307692307 0.040865384615384616 0.04807692307692308
0 0.6802884615384616 0.07932692307692307 0.06850961538461539 0.03485576923076923
0 0.8064903846153846 0.07451923076923077 0.0673076923076923 0.03485576923076923
0 0.4951923076923077 0.6081730769230769 0.07451923076923077 0.055288461538461536
0 0.13221153846153846 0.7620192307692307 0.07932692307692307 0.052884615384615384
0 0.21033653846153846 0.9735576923076923 0.0673076923076923 0.037259615384615384
0 0.6658653846153846 0.8221153846153846 0.06129807692307692 0.057692307692307696
0 0.7247596153846154 0.8725961538461539 0.06850961538461539 0.0673076923076923
0 0.7848557692307693 0.9230769230769231 0.06971153846153846 0.06370192307692307
0 0.8473557692307693 0.9663461538461539 0.06850961538461539 0.06129807692307692