0 0.4723557692307692 0.5396634615384616 0.055288461538461536 0.06971153846153846
0 0.37740384615384615 0.6069711538461539 0.0673076923076923 0.051682692307692304
0 0.30408653846153844 0.2668269230769231 0.055288461538461536 0.07451923076923077
0 0.24759615384615385 0.1658653846153846 0.051682692307692304 0.06971153846153846
0 0.29086538461538464 0.037259615384615384 0.055288461538461536 0.0673076923076923
0 0.06490384615384616 0.03125 0.0673076923076923 0.04326923076923077
0 0.24158653846153846 0.28725961538461536 0.038461538461538464 0.046875
0 0.6682692307692307 0.08173076923076923 0.0733173076923077 0.03485576923076923
0 0.7920673076923077 0.07692307692307693 0.06610576923076923 0.03245192307692308
0 0.27283653846153844 0.6009615384615384 0.06370192307692307 0.05048076923076923
0 0.8125 0.4483173076923077 0.07451923076923077 0.056490384615384616
0 0.17548076923076922 0.7463942307692307 0.06971153846153846 0.04567307692307692
0 0.19831730769230768 0.9759615384615384 0.06610576923076923 0.036057692307692304
0 0.6574519230769231 0.8245192307692307 0.057692307692307696 0.057692307692307696
0 0.7103365384615384 0.8725961538461539 0.0673076923076923 0.0673076923076923
0 0.7728365384615384 0.9254807692307693 0.0733173076923077 0.0673076923076923
0 0.8341346153846154 0.9675480769230769 0.06971153846153846 0.0625