0 0.22235576923076922 0.5396634615384616 0.055288461538461536 0.06971153846153846
0 0.12740384615384615 0.6069711538461539 0.0673076923076923 0.051682692307692304
0 0.054086538461538464 0.2668269230769231 0.055288461538461536 0.07451923076923077
0 0.040865384615384616 0.037259615384615384 0.055288461538461536 0.0673076923076923
0 0.4182692307692308 0.08173076923076923 0.0733173076923077 0.03485576923076923
0 0.5420673076923077 0.07692307692307693 0.06610576923076923 0.03245192307692308
0 0.027644230769230768 0.6009615384615384 0.055288461538461536 0.05048076923076923
0 0.9338942307692307 0.2536057692307692 0.0733173076923077 0.05048076923076923
0 0.5625 0.4483173076923077 0.07451923076923077 0.056490384615384616
0 0.4074519230769231 0.8245192307692307 0.057692307692307696 0.057692307692307696
0 0.46033653846153844 0.8725961538461539 0.0673076923076923 0.0673076923076923
0 0.5228365384615384 0.9254807692307693 0.0733173076923077 0.0673076923076923
0 0.5841346153846154 0.9675480769230769 0.06971153846153846 0.0625
0 0.8317307692307693 0.45913461538461536 0.03125 0.06370192307692307
0 0.8137019230769231 0.65625 0.036057692307692304 0.06610576923076923
0 0.7848557692307693 0.8365384615384616 0.038461538461538464 0.07211538461538461
0 0.8557692307692307 0.6081730769230769 0.036057692307692304 0.07692307692307693
0 0.8942307692307693 0.6286057692307693 0.037259615384615384 0.078125
0 0.8689903846153846 0.8052884615384616 0.036057692307692304 0.0733173076923077
0 0.9615384615384616 0.5540865384615384 0.051682692307692304 0.028846153846153848