0 0.21153846153846154 0.5673076923076923 0.06971153846153846 0.052884615384615384
0 0.12620192307692307 0.6069711538461539 0.06850961538461539 0.051682692307692304
0 0.057692307692307696 0.2644230769230769 0.05889423076923077 0.07451923076923077
0 0.046875 0.03245192307692308 0.052884615384615384 0.06370192307692307
0 0.42427884615384615 0.07932692307692307 0.06971153846153846 0.03485576923076923
0 0.5480769230769231 0.0733173076923077 0.06370192307692307 0.03125
0 0.24759615384615385 0.4987980769230769 0.06370192307692307 0.05048076923076923
0 0.734375 0.35096153846153844 0.07451923076923077 0.057692307692307696
0 0.36538461538461536 0.5504807692307693 0.078125 0.055288461538461536
0 0.4110576923076923 0.8221153846153846 0.056490384615384616 0.057692307692307696
0 0.46634615384615385 0.8725961538461539 0.0673076923076923 0.06370192307692307
0 0.5264423076923077 0.9230769230769231 0.07211538461538461 0.0673076923076923
0 0.5865384615384616 0.9651442307692307 0.0733173076923077 0.06610576923076923
0 0.8389423076923077 0.45552884615384615 0.03485576923076923 0.06370192307692307
0 0.8185096153846154 0.6550480769230769 0.037259615384615384 0.06610576923076923
0 0.7932692307692307 0.8329326923076923 0.038461538461538464 0.07451923076923077
0 0.8605769230769231 0.6286057692307693 0.036057692307692304 0.07692307692307693
0 0.8990384615384616 0.6286057692307693 0.037259615384615384 0.078125
0 0.8762019230769231 0.8052884615384616 0.03485576923076923 0.0733173076923077
0 0.9663461538461539 0.5528846153846154 0.04567307692307692 0.03365384615384615