0 0.49278846153846156 0.3137019230769231 0.11298076923076923 0.051682692307692304
0 0.35697115384615385 0.29447115384615385 0.09254807692307693 0.04807692307692308
0 0.2247596153846154 0.2848557692307692 0.09495192307692307 0.042067307692307696
0 0.11658653846153846 0.2824519230769231 0.0889423076923077 0.046875
0 0.028846153846153848 0.27884615384615385 0.057692307692307696 0.042067307692307696
0 0.8473557692307693 0.15264423076923078 0.04567307692307692 0.10336538461538461
0 0.8557692307692307 0.040865384615384616 0.036057692307692304 0.0733173076923077
0 0.9555288461538461 0.6766826923076923 0.0889423076923077 0.07451923076923077
0 0.11177884615384616 0.6574519230769231 0.0889423076923077 0.04326923076923077
0 0.20552884615384615 0.6622596153846154 0.06370192307692307 0.040865384615384616
0 0.3016826923076923 0.6694711538461539 0.109375 0.04567307692307692
0 0.4411057692307692 0.6814903846153846 0.10096153846153846 0.046875
0 0.6814903846153846 0.6947115384615384 0.07932692307692307 0.046875