0 0.49399038461538464 0.3112980769230769 0.11298076923076923 0.05048076923076923
0 0.3581730769230769 0.29086538461538464 0.09375 0.05048076923076923
0 0.22235576923076922 0.2824519230769231 0.09495192307692307 0.04567307692307692
0 0.11538461538461539 0.2776442307692308 0.08413461538461539 0.042067307692307696
0 0.030048076923076924 0.27524038461538464 0.06009615384615385 0.040865384615384616
0 0.8485576923076923 0.15264423076923078 0.04326923076923077 0.09975961538461539
0 0.8581730769230769 0.037259615384615384 0.03485576923076923 0.0673076923076923
0 0.9507211538461539 0.6670673076923077 0.0985576923076923 0.07451923076923077
0 0.11177884615384616 0.6550480769230769 0.09254807692307693 0.04326923076923077
0 0.203125 0.6586538461538461 0.0625 0.042067307692307696
0 0.3004807692307692 0.6682692307692307 0.10817307692307693 0.046875
0 0.4411057692307692 0.6766826923076923 0.09975961538461539 0.046875
0 0.6802884615384616 0.6935096153846154 0.08173076923076923 0.04567307692307692