0 0.5252403846153846 0.30528846153846156 0.1141826923076923 0.046875
0 0.390625 0.28725961538461536 0.09735576923076923 0.04326923076923077
0 0.2932692307692308 0.35336538461538464 0.09975961538461539 0.046875
0 0.2548076923076923 0.2764423076923077 0.09735576923076923 0.046875
0 0.1466346153846154 0.27524038461538464 0.0829326923076923 0.037259615384615384
0 0.04447115384615385 0.2704326923076923 0.0889423076923077 0.040865384615384616
0 0.8786057692307693 0.14903846153846154 0.04567307692307692 0.09254807692307693
0 0.8918269230769231 0.03485576923076923 0.038461538461538464 0.0673076923076923
0 0.8185096153846154 0.6189903846153846 0.10576923076923077 0.04326923076923077
0 0.13221153846153846 0.6502403846153846 0.09254807692307693 0.042067307692307696
0 0.22716346153846154 0.6502403846153846 0.0673076923076923 0.04807692307692308
0 0.3245192307692308 0.6598557692307693 0.11538461538461539 0.042067307692307696
0 0.4675480769230769 0.6730769230769231 0.10817307692307693 0.04807692307692308
0 0.7091346153846154 0.6875 0.09014423076923077 0.040865384615384616