0 0.03245192307692308 0.5516826923076923 0.06490384615384616 0.09375
0 0.4987980769230769 0.29086538461538464 0.11298076923076923 0.038461538461538464
0 0.45913461538461536 0.23076923076923078 0.0985576923076923 0.040865384615384616
0 0.33774038461538464 0.22355769230769232 0.08774038461538461 0.040865384615384616
0 0.20793269230769232 0.21754807692307693 0.09975961538461539 0.046875
0 0.8293269230769231 0.36658653846153844 0.10336538461538461 0.038461538461538464
0 0.8822115384615384 0.25721153846153844 0.0985576923076923 0.037259615384615384
0 0.1622596153846154 0.625 0.109375 0.04326923076923077
0 0.2860576923076923 0.6225961538461539 0.10576923076923077 0.038461538461538464
0 0.49278846153846156 0.6177884615384616 0.09375 0.042067307692307696
0 0.6105769230769231 0.6213942307692307 0.09735576923076923 0.042067307692307696
0 0.7355769230769231 0.6274038461538461 0.0889423076923077 0.04567307692307692
0 0.8701923076923077 0.6394230769230769 0.10576923076923077 0.04807692307692308
0 0.9723557692307693 0.6454326923076923 0.055288461538461536 0.04326923076923077
0 0.8810096153846154 0.4423076923076923 0.11778846153846154 0.057692307692307696