0 0.3786057692307692 0.5120192307692307 0.11298076923076923 0.046875
0 0.26802884615384615 0.2848557692307692 0.10096153846153846 0.042067307692307696
0 0.43028846153846156 0.23677884615384615 0.09975961538461539 0.04567307692307692
0 0.30649038461538464 0.2283653846153846 0.09254807692307693 0.04567307692307692
0 0.18028846153846154 0.22235576923076922 0.10096153846153846 0.046875
0 0.8473557692307693 0.31971153846153844 0.10096153846153846 0.046875
0 0.47836538461538464 0.34975961538461536 0.09975961538461539 0.046875
0 0.9807692307692307 0.27524038461538464 0.037259615384615384 0.042067307692307696
0 0.8557692307692307 0.26322115384615385 0.0985576923076923 0.042067307692307696
0 0.14182692307692307 0.6310096153846154 0.109375 0.04567307692307692
0 0.2644230769230769 0.6274038461538461 0.10336538461538461 0.038461538461538464
0 0.4723557692307692 0.6201923076923077 0.09014423076923077 0.040865384615384616
0 0.5865384615384616 0.6262019230769231 0.09375 0.038461538461538464
0 0.7127403846153846 0.6298076923076923 0.08774038461538461 0.05048076923076923
0 0.8509615384615384 0.6418269230769231 0.11057692307692307 0.04567307692307692
0 0.9615384615384616 0.6490384615384616 0.07692307692307693 0.046875
0 0.4182692307692308 0.41586538461538464 0.11778846153846154 0.054086538461538464