0 0.5120192307692307 0.3088942307692308 0.11538461538461539 0.05048076923076923
0 0.3786057692307692 0.28846153846153844 0.09375 0.046875
0 0.12740384615384615 0.34375 0.0985576923076923 0.046875
0 0.24278846153846154 0.2800480769230769 0.09495192307692307 0.04326923076923077
0 0.1346153846153846 0.2776442307692308 0.0829326923076923 0.040865384615384616
0 0.038461538461538464 0.27403846153846156 0.07692307692307693 0.040865384615384616
0 0.8677884615384616 0.15144230769230768 0.042067307692307696 0.09975961538461539
0 0.8774038461538461 0.037259615384615384 0.042067307692307696 0.0673076923076923
0 0.8629807692307693 0.6286057692307693 0.1045673076923077 0.038461538461538464
0 0.12259615384615384 0.6538461538461539 0.09254807692307693 0.038461538461538464
0 0.21754807692307693 0.65625 0.06370192307692307 0.04326923076923077
0 0.3137019230769231 0.6634615384615384 0.11298076923076923 0.042067307692307696
0 0.4567307692307692 0.6742788461538461 0.1045673076923077 0.04807692307692308
0 0.6995192307692307 0.6911057692307693 0.08173076923076923 0.04567307692307692