0 0.14783653846153846 0.27884615384615385 0.1045673076923077 0.04567307692307692
0 0.4098557692307692 0.23677884615384615 0.10096153846153846 0.04567307692307692
0 0.28365384615384615 0.22956730769230768 0.08653846153846154 0.040865384615384616
0 0.15985576923076922 0.2247596153846154 0.0985576923076923 0.04326923076923077
0 0.41586538461538464 0.296875 0.0985576923076923 0.046875
0 0.24639423076923078 0.33774038461538464 0.09495192307692307 0.042067307692307696
0 0.96875 0.2776442307692308 0.0625 0.042067307692307696
0 0.8329326923076923 0.2644230769230769 0.10336538461538461 0.042067307692307696
0 0.125 0.6334134615384616 0.10336538461538461 0.04567307692307692
0 0.24759615384615385 0.6286057692307693 0.09495192307692307 0.042067307692307696
0 0.4519230769230769 0.6237980769230769 0.08774038461538461 0.040865384615384616
0 0.5685096153846154 0.6262019230769231 0.0889423076923077 0.046875
0 0.6935096153846154 0.6322115384615384 0.08173076923076923 0.04326923076923077
0 0.8305288461538461 0.6418269230769231 0.1045673076923077 0.04326923076923077
0 0.9471153846153846 0.6490384615384616 0.08413461538461539 0.046875
0 0.14903846153846154 0.4014423076923077 0.1201923076923077 0.057692307692307696