0 0.5324519230769231 0.3112980769230769 0.1141826923076923 0.055288461538461536
0 0.3954326923076923 0.2932692307692308 0.09375 0.04326923076923077
0 0.38100961538461536 0.3701923076923077 0.10096153846153846 0.05048076923076923
0 0.2620192307692308 0.2848557692307692 0.09735576923076923 0.04326923076923077
0 0.14903846153846154 0.2800480769230769 0.0829326923076923 0.038461538461538464
0 0.046875 0.27524038461538464 0.09375 0.042067307692307696
0 0.8846153846153846 0.15504807692307693 0.04567307692307692 0.09375
0 0.8966346153846154 0.038461538461538464 0.038461538461538464 0.0673076923076923
0 0.796875 0.6262019230769231 0.10576923076923077 0.04567307692307692
0 0.14182692307692307 0.6586538461538461 0.09254807692307693 0.038461538461538464
0 0.23557692307692307 0.6574519230769231 0.0673076923076923 0.046875
0 0.33052884615384615 0.6682692307692307 0.11778846153846154 0.042067307692307696
0 0.47596153846153844 0.6778846153846154 0.10576923076923077 0.04326923076923077
0 0.7127403846153846 0.6959134615384616 0.0829326923076923 0.042067307692307696