0 0.6334134615384616 0.5252403846153846 0.10817307692307693 0.04567307692307692
0 0.19951923076923078 0.28725961538461536 0.10576923076923077 0.04326923076923077
0 0.4230769230769231 0.24158653846153846 0.10336538461538461 0.04807692307692308
0 0.2956730769230769 0.23557692307692307 0.08774038461538461 0.04567307692307692
0 0.17067307692307693 0.22596153846153846 0.09975961538461539 0.046875
0 0.6706730769230769 0.3161057692307692 0.09495192307692307 0.042067307692307696
0 0.3605769230769231 0.3485576923076923 0.09975961538461539 0.04326923076923077
0 0.9747596153846154 0.28125 0.05048076923076923 0.040865384615384616
0 0.8461538461538461 0.26802884615384615 0.1045673076923077 0.042067307692307696
0 0.1346153846153846 0.6370192307692307 0.10576923076923077 0.04326923076923077
0 0.25721153846153844 0.6334134615384616 0.10096153846153846 0.042067307692307696
0 0.46274038461538464 0.6274038461538461 0.09014423076923077 0.038461538461538464
0 0.5745192307692307 0.6310096153846154 0.08774038461538461 0.040865384615384616
0 0.7019230769230769 0.6370192307692307 0.08653846153846154 0.04326923076923077
0 0.8389423076923077 0.6454326923076923 0.10576923076923077 0.046875
0 0.9555288461538461 0.6538461538461539 0.0889423076923077 0.04807692307692308
0 0.27163461538461536 0.41346153846153844 0.12379807692307693 0.0673076923076923