0 0.47596153846153844 0.3076923076923077 0.1141826923076923 0.05048076923076923
0 0.3425480769230769 0.28846153846153844 0.0889423076923077 0.04567307692307692
0 0.2091346153846154 0.2800480769230769 0.09014423076923077 0.042067307692307696
0 0.10336538461538461 0.2776442307692308 0.08413461538461539 0.042067307692307696
0 0.8317307692307693 0.1502403846153846 0.04326923076923077 0.09495192307692307
0 0.5793269230769231 0.4411057692307692 0.11057692307692307 0.056490384615384616
0 0.9399038461538461 0.4987980769230769 0.0889423076923077 0.05048076923076923
0 0.9543269230769231 0.6754807692307693 0.09014423076923077 0.0733173076923077
0 0.10096153846153846 0.6550480769230769 0.09014423076923077 0.04326923076923077
0 0.1935096153846154 0.65625 0.06370192307692307 0.040865384615384616
0 0.28846153846153844 0.6634615384615384 0.10096153846153846 0.038461538461538464
0 0.43028846153846156 0.6766826923076923 0.1045673076923077 0.04326923076923077
0 0.6706730769230769 0.6911057692307693 0.08173076923076923 0.046875