0 0.5024038461538461 0.3125 0.1141826923076923 0.05048076923076923
0 0.36899038461538464 0.2932692307692308 0.09014423076923077 0.04567307692307692
0 0.23317307692307693 0.2824519230769231 0.09254807692307693 0.040865384615384616
0 0.125 0.2800480769230769 0.08774038461538461 0.038461538461538464
0 0.03245192307692308 0.2776442307692308 0.06490384615384616 0.04567307692307692
0 0.859375 0.15264423076923078 0.046875 0.09975961538461539
0 0.8677884615384616 0.037259615384615384 0.038461538461538464 0.06971153846153846
0 0.9326923076923077 0.6526442307692307 0.10336538461538461 0.06129807692307692
0 0.11778846153846154 0.6574519230769231 0.09014423076923077 0.040865384615384616
0 0.2091346153846154 0.6598557692307693 0.06370192307692307 0.042067307692307696
0 0.3076923076923077 0.6682692307692307 0.109375 0.04807692307692308
0 0.4483173076923077 0.6802884615384616 0.10576923076923077 0.04567307692307692
0 0.6899038461538461 0.6935096153846154 0.08653846153846154 0.04567307692307692