0 0.22596153846153846 0.5144230769230769 0.1141826923076923 0.04807692307692308
0 0.32572115384615385 0.2920673076923077 0.10817307692307693 0.046875
0 0.4375 0.2403846153846154 0.10576923076923077 0.042067307692307696
0 0.3112980769230769 0.23317307692307693 0.09014423076923077 0.04326923076923077
0 0.1814903846153846 0.22716346153846154 0.09975961538461539 0.04807692307692308
0 0.9627403846153846 0.33653846153846156 0.0733173076923077 0.04807692307692308
0 0.5721153846153846 0.3605769230769231 0.10096153846153846 0.040865384615384616
0 0.8581730769230769 0.26802884615384615 0.10336538461538461 0.042067307692307696
0 0.14182692307692307 0.6346153846153846 0.11298076923076923 0.04567307692307692
0 0.2644230769230769 0.6322115384615384 0.10096153846153846 0.038461538461538464
0 0.4723557692307692 0.6274038461538461 0.09495192307692307 0.042067307692307696
0 0.5841346153846154 0.6310096153846154 0.09495192307692307 0.037259615384615384
0 0.7127403846153846 0.6334134615384616 0.08653846153846154 0.04807692307692308
0 0.8509615384615384 0.6454326923076923 0.11057692307692307 0.046875
0 0.9627403846153846 0.6550480769230769 0.07451923076923077 0.046875
0 0.5432692307692307 0.4326923076923077 0.11538461538461539 0.052884615384615384