0 0.4807692307692308 0.3088942307692308 0.11298076923076923 0.051682692307692304
0 0.3425480769230769 0.28966346153846156 0.09014423076923077 0.04567307692307692
0 0.2127403846153846 0.27884615384615385 0.09014423076923077 0.042067307692307696
0 0.1045673076923077 0.27524038461538464 0.08774038461538461 0.04326923076923077
0 0.8365384615384616 0.15144230769230768 0.04326923076923077 0.09735576923076923
0 0.6862980769230769 0.4579326923076923 0.1045673076923077 0.052884615384615384
0 0.9543269230769231 0.6766826923076923 0.09014423076923077 0.07451923076923077
0 0.10216346153846154 0.6550480769230769 0.08653846153846154 0.042067307692307696
0 0.19471153846153846 0.6586538461538461 0.06370192307692307 0.042067307692307696
0 0.2932692307692308 0.6634615384615384 0.10096153846153846 0.040865384615384616
0 0.43028846153846156 0.6754807692307693 0.1045673076923077 0.042067307692307696
0 0.671875 0.6911057692307693 0.08413461538461539 0.046875