0 0.1045673076923077 0.5204326923076923 0.11899038461538461 0.06610576923076923
0 0.4074519230769231 0.29086538461538464 0.10817307692307693 0.04567307692307692
0 0.44711538461538464 0.23557692307692307 0.10336538461538461 0.038461538461538464
0 0.3245192307692308 0.22716346153846154 0.0889423076923077 0.038461538461538464
0 0.19471153846153846 0.21995192307692307 0.09975961538461539 0.04567307692307692
0 0.6983173076923077 0.4362980769230769 0.11658653846153846 0.0673076923076923
0 0.6923076923076923 0.3629807692307692 0.09975961538461539 0.04567307692307692
0 0.9867788461538461 0.27403846153846156 0.026442307692307692 0.040865384615384616
0 0.8689903846153846 0.2620192307692308 0.0985576923076923 0.038461538461538464
0 0.15504807692307693 0.6286057692307693 0.10817307692307693 0.042067307692307696
0 0.2776442307692308 0.625 0.1045673076923077 0.040865384615384616
0 0.48197115384615385 0.6189903846153846 0.09254807692307693 0.042067307692307696
0 0.5961538461538461 0.6237980769230769 0.0985576923076923 0.042067307692307696
0 0.7247596153846154 0.6286057692307693 0.09014423076923077 0.04567307692307692
0 0.8653846153846154 0.6394230769230769 0.1141826923076923 0.046875