0 0.4579326923076923 0.5168269230769231 0.11298076923076923 0.04567307692307692
0 0.24278846153846154 0.2824519230769231 0.10817307692307693 0.042067307692307696
0 0.42908653846153844 0.23557692307692307 0.1045673076923077 0.046875
0 0.30288461538461536 0.2283653846153846 0.08653846153846154 0.042067307692307696
0 0.1778846153846154 0.21995192307692307 0.10096153846153846 0.05048076923076923
0 0.7848557692307693 0.3161057692307692 0.10096153846153846 0.046875
0 0.4362980769230769 0.34615384615384615 0.10336538461538461 0.04567307692307692
0 0.9795673076923077 0.27524038461538464 0.040865384615384616 0.040865384615384616
0 0.8521634615384616 0.26322115384615385 0.0985576923076923 0.042067307692307696
0 0.140625 0.6310096153846154 0.10576923076923077 0.04567307692307692
0 0.2620192307692308 0.6274038461538461 0.09975961538461539 0.038461538461538464
0 0.46875 0.6213942307692307 0.09014423076923077 0.040865384615384616
0 0.5841346153846154 0.6262019230769231 0.09254807692307693 0.040865384615384616
0 0.7091346153846154 0.6322115384615384 0.08774038461538461 0.04807692307692308
0 0.8473557692307693 0.6418269230769231 0.11057692307692307 0.046875
0 0.9615384615384616 0.6490384615384616 0.07692307692307693 0.046875
0 0.36538461538461536 0.41586538461538464 0.11177884615384616 0.06370192307692307