0 0.9338942307692307 0.5276442307692307 0.11057692307692307 0.046875
0 0.1622596153846154 0.2776442307692308 0.10336538461538461 0.038461538461538464
0 0.41586538461538464 0.234375 0.11057692307692307 0.046875
0 0.28966346153846156 0.2283653846153846 0.0829326923076923 0.04807692307692308
0 0.1658653846153846 0.22235576923076922 0.10096153846153846 0.046875
0 0.5144230769230769 0.3004807692307692 0.0985576923076923 0.04326923076923077
0 0.28365384615384615 0.33774038461538464 0.09495192307692307 0.042067307692307696
0 0.9735576923076923 0.27283653846153844 0.052884615384615384 0.036057692307692304
0 0.8389423076923077 0.26322115384615385 0.09975961538461539 0.042067307692307696
0 0.1310096153846154 0.6298076923076923 0.1045673076923077 0.04326923076923077
0 0.25240384615384615 0.6262019230769231 0.09495192307692307 0.042067307692307696
0 0.45913461538461536 0.6213942307692307 0.08413461538461539 0.038461538461538464
0 0.5733173076923077 0.6262019230769231 0.08774038461538461 0.038461538461538464
0 0.7007211538461539 0.6310096153846154 0.0889423076923077 0.042067307692307696
0 0.8365384615384616 0.6394230769230769 0.10817307692307693 0.04567307692307692
0 0.9555288461538461 0.6478365384615384 0.0829326923076923 0.04567307692307692
0 0.18870192307692307 0.4014423076923077 0.11778846153846154 0.0625