0 0.15264423076923078 0.2776442307692308 0.10336538461538461 0.04567307692307692
0 0.41466346153846156 0.23557692307692307 0.1045673076923077 0.04567307692307692
0 0.29086538461538464 0.2283653846153846 0.08653846153846154 0.046875
0 0.16466346153846154 0.22115384615384615 0.0985576923076923 0.04567307692307692
0 0.3870192307692308 0.2932692307692308 0.09735576923076923 0.04326923076923077
0 0.23677884615384615 0.33533653846153844 0.09495192307692307 0.042067307692307696
0 0.9699519230769231 0.27283653846153844 0.05889423076923077 0.042067307692307696
0 0.8377403846153846 0.2620192307692308 0.10096153846153846 0.038461538461538464
0 0.1310096153846154 0.6286057692307693 0.1045673076923077 0.042067307692307696
0 0.2536057692307692 0.625 0.09375 0.040865384615384616
0 0.4579326923076923 0.6201923076923077 0.09014423076923077 0.04326923076923077
0 0.5697115384615384 0.625 0.09495192307692307 0.04326923076923077
0 0.6971153846153846 0.6310096153846154 0.08413461538461539 0.04326923076923077
0 0.8365384615384616 0.640625 0.10576923076923077 0.04326923076923077
0 0.9519230769230769 0.6490384615384616 0.08774038461538461 0.046875
0 0.140625 0.40024038461538464 0.11658653846153846 0.057692307692307696