0 0.4963942307692308 0.31009615384615385 0.1141826923076923 0.04807692307692308
0 0.3605769230769231 0.29086538461538464 0.09014423076923077 0.04326923076923077
0 0.22596153846153846 0.2824519230769231 0.09375 0.042067307692307696
0 0.11778846153846154 0.27884615384615385 0.08653846153846154 0.04567307692307692
0 0.028846153846153848 0.27524038461538464 0.057692307692307696 0.042067307692307696
0 0.8509615384615384 0.1502403846153846 0.04567307692307692 0.10096153846153846
0 0.8617788461538461 0.037259615384615384 0.036057692307692304 0.07211538461538461
0 0.9471153846153846 0.6622596153846154 0.10336538461538461 0.06850961538461539
0 0.11298076923076923 0.6550480769230769 0.09014423076923077 0.04326923076923077
0 0.20432692307692307 0.6574519230769231 0.0625 0.040865384615384616
0 0.30288461538461536 0.6658653846153846 0.11298076923076923 0.04567307692307692
0 0.44350961538461536 0.6766826923076923 0.10096153846153846 0.046875
0 0.6802884615384616 0.6911057692307693 0.0829326923076923 0.04567307692307692