0 0.5709134615384616 0.5540865384615384 0.10817307692307693 0.04807692307692308
0 0.4639423076923077 0.3076923076923077 0.10576923076923077 0.05048076923076923
0 0.3269230769230769 0.28966346153846156 0.08653846153846154 0.04807692307692308
0 0.1971153846153846 0.2800480769230769 0.08774038461538461 0.04326923076923077
0 0.09134615384615384 0.27524038461538464 0.0829326923076923 0.042067307692307696
0 0.36899038461538464 0.4206730769230769 0.0889423076923077 0.04326923076923077
0 0.7067307692307693 0.4651442307692308 0.12139423076923077 0.057692307692307696
0 0.9507211538461539 0.6742788461538461 0.09495192307692307 0.0733173076923077
0 0.09254807692307693 0.6538461538461539 0.0829326923076923 0.038461538461538464
0 0.18389423076923078 0.6538461538461539 0.06370192307692307 0.038461538461538464
0 0.2824519230769231 0.6634615384615384 0.10336538461538461 0.04567307692307692
0 0.41947115384615385 0.6730769230769231 0.1045673076923077 0.046875
0 0.6598557692307693 0.6923076923076923 0.08173076923076923 0.046875