0 0.867600 0.350181 0.134262 0.081922 0.87
0 0.134539 0.332176 0.170658 0.081731 0.85
0 0.689368 0.564086 0.149224 0.065108 0.85
0 0.488156 0.373488 0.157634 0.078178 0.85
0 0.074281 0.247564 0.143277 0.059133 0.85
0 0.789138 0.458117 0.170930 0.070781 0.85
0 0.502561 0.250632 0.149771 0.066271 0.84
0 0.887452 0.552733 0.155064 0.068566 0.84
0 0.750535 0.246603 0.145884 0.062315 0.84
0 0.946025 0.244162 0.107951 0.053572 0.83
0 0.310170 0.419168 0.152286 0.087512 0.83
0 0.598260 0.469303 0.162394 0.065609 0.82
0 0.688084 0.375162 0.155522 0.070149 0.81
0 0.276980 0.241566 0.146470 0.051479 0.80
0 0.963098 0.437747 0.073046 0.071108 0.76