0 0.389025 0.465727 0.073524 0.036674 0.86
0 0.140052 0.580962 0.070587 0.041158 0.86
0 0.934497 0.512574 0.081625 0.045528 0.86
0 0.346737 0.350393 0.077675 0.043668 0.85
0 0.180428 0.416470 0.069450 0.042997 0.85
0 0.795845 0.543890 0.078038 0.040923 0.85
0 0.281318 0.444423 0.068293 0.038887 0.84
0 0.298046 0.609814 0.072818 0.047398 0.84
0 0.813557 0.598052 0.076940 0.039488 0.84
0 0.604522 0.567048 0.074848 0.032839 0.84
0 0.179402 0.311987 0.060518 0.037426 0.83
0 0.305281 0.564480 0.081743 0.041502 0.82
0 0.839083 0.463142 0.081541 0.043904 0.82
0 0.026775 0.256760 0.053550 0.043691 0.82
0 0.193096 0.510516 0.074365 0.044691 0.82
0 0.035062 0.535606 0.070123 0.043607 0.82
0 0.444685 0.633547 0.081264 0.038453 0.80
0 0.073742 0.497059 0.076781 0.039694 0.80
0 0.693463 0.484966 0.080693 0.034841 0.75
0 0.478528 0.568229 0.069740 0.035906 0.72
0 0.575916 0.420967 0.141886 0.054670 0.72
0 0.541947 0.501776 0.057675 0.027064 0.67
0 0.877857 0.362054 0.078122 0.035658 0.65
0 0.149352 0.352176 0.069419 0.043382 0.51