0 0.246165 0.679993 0.142539 0.130480 0.89
0 0.078511 0.288997 0.157021 0.135842 0.88
0 0.835768 0.353424 0.152274 0.138363 0.87
0 0.769222 0.440812 0.157499 0.156048 0.87
0 0.054986 0.655060 0.109972 0.126170 0.87
0 0.219010 0.389907 0.170764 0.143385 0.87
0 0.153118 0.478518 0.163164 0.139981 0.86
0 0.393747 0.626106 0.156309 0.073665 0.86
0 0.548257 0.230117 0.139844 0.129010 0.86
0 0.492569 0.749626 0.148269 0.163038 0.85
0 0.329918 0.231315 0.173724 0.128811 0.85
0 0.100384 0.572126 0.135054 0.131502 0.85
0 0.879801 0.217016 0.117731 0.102948 0.85
0 0.565414 0.434045 0.153658 0.078157 0.84
0 0.469778 0.529020 0.153869 0.076907 0.84
0 0.715453 0.531939 0.146371 0.155763 0.84
0 0.134661 0.225630 0.159056 0.116156 0.84
0 0.170252 0.763113 0.140514 0.123088 0.84
0 0.571270 0.681269 0.152442 0.167800 0.84
0 0.628247 0.334023 0.157826 0.074355 0.83
0 0.305939 0.527522 0.129505 0.153276 0.83
0 0.643872 0.612418 0.159040 0.158373 0.82
0 0.922955 0.575054 0.152258 0.163811 0.80
0 0.849222 0.661092 0.153436 0.163823 0.80
0 0.281389 0.308603 0.153871 0.136026 0.79
0 0.947549 0.264119 0.104902 0.133020 0.79
0 0.432114 0.359703 0.132713 0.147663 0.73
0 0.957658 0.480710 0.084484 0.150919 0.63
0 0.043354 0.377061 0.086708 0.136009 0.59
0 0.955828 0.512207 0.088345 0.217028 0.52