0 0.041029 0.671994 0.082058 0.077974 0.845714
0 0.864192 0.536571 0.113684 0.055763 0.842020
0 0.219547 0.694371 0.129301 0.062974 0.838676
0 0.388831 0.574052 0.122153 0.058249 0.838562
0 0.250408 0.616717 0.138549 0.063763 0.836405
0 0.934223 0.635001 0.127124 0.057307 0.834608
0 0.595944 0.697258 0.135941 0.064929 0.832989
0 0.766885 0.693393 0.139595 0.061438 0.827132
0 0.398223 0.692705 0.152614 0.062931 0.820077
0 0.762896 0.627021 0.125153 0.060510 0.807961
0 0.100238 0.522622 0.121065 0.055139 0.803584
0 0.397361 0.523189 0.124501 0.052485 0.798642
0 0.976722 0.556088 0.046470 0.074980 0.797295
0 0.725186 0.522958 0.113219 0.051054 0.795453
0 0.761562 0.580124 0.126426 0.047771 0.795005
0 0.598179 0.574749 0.116976 0.055920 0.785808
0 0.421199 0.627088 0.136679 0.057923 0.785635
0 0.246780 0.525720 0.111656 0.048279 0.777487
0 0.565953 0.524172 0.121764 0.045250 0.776283
0 0.594803 0.634874 0.135438 0.063713 0.772693
0 0.107434 0.583002 0.121947 0.054719 0.763122
