0 0.867546 0.777526 0.040384 0.080008 0.882464
0 0.473379 0.451107 0.072124 0.048290 0.862237
0 0.620335 0.775358 0.032762 0.074862 0.858966
0 0.695170 0.608984 0.035541 0.070762 0.855255
0 0.360605 0.205358 0.082733 0.038586 0.849419
0 0.784225 0.772389 0.046917 0.074437 0.840010
0 0.865357 0.626211 0.036992 0.074059 0.836937
0 0.611540 0.612222 0.036063 0.080342 0.835745
0 0.175329 0.373771 0.037182 0.069584 0.835161
0 0.965385 0.694692 0.042785 0.073425 0.833270
0 0.252585 0.608784 0.033691 0.069918 0.832431
0 0.293986 0.610936 0.034079 0.071963 0.822336
0 0.447139 0.276884 0.032601 0.058543 0.822052
0 0.213421 0.529598 0.036276 0.066038 0.812194
0 0.171973 0.538330 0.034434 0.066462 0.811899
0 0.741248 0.780985 0.030335 0.071258 0.811572
0 0.171062 0.286876 0.038558 0.077843 0.810691
0 0.529721 0.283906 0.031478 0.068569 0.810003
0 0.609114 0.524846 0.031407 0.061063 0.807107
0 0.376476 0.768763 0.029528 0.066506 0.802376
0 0.135070 0.614092 0.034677 0.064732 0.798622
0 0.731107 0.525453 0.036373 0.076350 0.795799
0 0.773105 0.613374 0.035260 0.068874 0.792811
0 0.217408 0.368290 0.036836 0.076248 0.790170
0 0.176548 0.616312 0.034877 0.065935 0.790072
0 0.214293 0.608065 0.031107 0.072816 0.787632
0 0.819169 0.614791 0.031437 0.073474 0.787061
0 0.450075 0.371213 0.032397 0.070758 0.786075
0 0.820677 0.532564 0.026719 0.051875 0.784457
0 0.442623 0.615095 0.036386 0.084158 0.782358
0 0.661794 0.774314 0.030451 0.070351 0.781604
0 0.607374 0.281248 0.029564 0.068691 0.781240
0 0.455039 0.774930 0.030593 0.064774 0.779593
0 0.331626 0.776971 0.030028 0.067736 0.775586
0 0.536306 0.773892 0.032735 0.068031 0.774084
0 0.525523 0.521661 0.029759 0.075205 0.773531
0 0.530884 0.611579 0.029452 0.079183 0.772934
0 0.407934 0.527767 0.031827 0.065791 0.771007
0 0.495222 0.774710 0.033182 0.072112 0.767396
0 0.856183 0.286359 0.034219 0.071166 0.766996
0 0.292881 0.278215 0.034178 0.065824 0.766827
0 0.703606 0.770508 0.038821 0.085376 0.765204
0 0.253630 0.289189 0.031726 0.069836 0.762948
0 0.653326 0.515680 0.027218 0.043441 0.762752
0 0.415665 0.775714 0.032693 0.069818 0.759832
0 0.259344 0.371780 0.032567 0.062476 0.756660
0 0.291748 0.526909 0.032583 0.064079 0.754208
0 0.337061 0.366654 0.036983 0.071916 0.754180
0 0.336093 0.614863 0.027644 0.054792 0.750307
0 0.776669 0.525441 0.032749 0.054610 0.747637
0 0.410927 0.370972 0.028690 0.062537 0.745227
0 0.681273 0.370174 0.038162 0.066331 0.741393
0 0.298548 0.366826 0.035426 0.068440 0.740933
0 0.135811 0.775123 0.034391 0.062622 0.738365
0 0.214659 0.772532 0.033220 0.063290 0.736245
0 0.565921 0.528019 0.031638 0.067545 0.728547
0 0.530970 0.366650 0.035908 0.069319 0.725588
0 0.134476 0.373094 0.041311 0.075539 0.725173
0 0.818207 0.369998 0.034593 0.071333 0.723499
0 0.857668 0.359067 0.035789 0.066068 0.695422
0 0.602868 0.370458 0.033829 0.064250 0.688434
0 0.644217 0.370889 0.035240 0.070454 0.688109
0 0.727722 0.274145 0.029098 0.051983 0.683784
0 0.815832 0.260750 0.039346 0.043001 0.679162
0 0.772389 0.373856 0.036172 0.062790 0.672412
0 0.131498 0.539408 0.037133 0.060360 0.672073
0 0.251279 0.774736 0.035609 0.061699 0.663904
0 0.489053 0.371576 0.030865 0.062236 0.662841
0 0.486155 0.276545 0.027263 0.058910 0.635221
0 0.131811 0.288459 0.029938 0.060352 0.592882
0 0.824829 0.776451 0.031647 0.061209 0.589567
0 0.378653 0.613291 0.029240 0.052239 0.391556
