0 0.779243 0.343225 0.126127 0.087378 0.860653
0 0.688307 0.685546 0.098628 0.063831 0.854670
0 0.395135 0.735223 0.101754 0.050887 0.852044
0 0.546188 0.319202 0.106557 0.062174 0.840751
0 0.749827 0.439298 0.104512 0.067600 0.840064
0 0.062605 0.751586 0.103970 0.047462 0.832626
0 0.291742 0.347367 0.113815 0.052904 0.822238
0 0.503484 0.613156 0.110552 0.061873 0.815154
0 0.511711 0.412074 0.104728 0.059109 0.802314
0 0.150919 0.420791 0.120655 0.054259 0.792296
0 0.043406 0.503116 0.086812 0.039234 0.778768
0 0.264620 0.514379 0.151732 0.065698 0.775917
0 0.005979 0.652814 0.011831 0.053526 0.279081
