0 0.389124 0.465774 0.073506 0.036661 0.864735
0 0.140029 0.581054 0.070575 0.041149 0.864084
0 0.934598 0.512381 0.081607 0.045516 0.858842
0 0.346645 0.350346 0.077654 0.043657 0.854856
0 0.180377 0.416421 0.069436 0.042985 0.853700
0 0.795950 0.544085 0.078021 0.040914 0.848060
0 0.281317 0.444321 0.068275 0.038877 0.841045
0 0.297951 0.610006 0.072804 0.047392 0.840991
0 0.813369 0.598049 0.076924 0.039478 0.837502
0 0.604429 0.567146 0.074832 0.032834 0.837378
0 0.179382 0.311888 0.060501 0.037413 0.826649
0 0.839079 0.463042 0.081528 0.043894 0.823838
0 0.305190 0.564380 0.081730 0.041494 0.823776
0 0.026777 0.256814 0.053553 0.043674 0.823504
0 0.193075 0.510604 0.074350 0.044696 0.823164
0 0.035064 0.535803 0.070127 0.043595 0.819953
0 0.444740 0.633350 0.081245 0.038453 0.804585
0 0.073694 0.496960 0.076811 0.039683 0.796071
0 0.693465 0.485013 0.080678 0.034827 0.750199
0 0.478425 0.568227 0.069734 0.035901 0.723585
0 0.576005 0.420965 0.141858 0.054660 0.713966
0 0.541856 0.501874 0.057669 0.027061 0.666452
0 0.877771 0.361948 0.078122 0.035670 0.648205
0 0.149302 0.352233 0.069405 0.043372 0.507850
0 0.970832 0.562895 0.058337 0.044464 0.335698
0 0.877056 0.351795 0.078987 0.057411 0.263907
0 0.050475 0.375606 0.072963 0.039182 0.258476
