0 0.653572 0.351121 0.080172 0.054503 0.836979
0 0.394988 0.728611 0.133109 0.106967 0.832411
0 0.617547 0.542587 0.098030 0.070217 0.819289
0 0.210025 0.536084 0.143098 0.079511 0.817712
0 0.283783 0.621311 0.147947 0.089288 0.786185
0 0.345000 0.680714 0.147086 0.085966 0.779391
0 0.255774 0.573123 0.128829 0.070599 0.766028
0 0.140195 0.460300 0.116057 0.056240 0.749668
0 0.908684 0.521790 0.143038 0.094182 0.742476
0 0.488611 0.455645 0.091388 0.060490 0.712955
0 0.537759 0.494161 0.093011 0.081690 0.650236
0 0.564960 0.502976 0.101382 0.072430 0.606111
0 0.435160 0.732617 0.215054 0.100940 0.548399
0 0.713256 0.599396 0.111969 0.087115 0.534179
0 0.522230 0.484812 0.104893 0.068583 0.529743
0 0.080054 0.406819 0.108318 0.051246 0.508208
0 0.162508 0.494375 0.119911 0.054487 0.431668
0 0.431451 0.413159 0.081166 0.044769 0.417991
0 0.146974 0.477944 0.123850 0.085966 0.375185
0 0.654135 0.375037 0.093417 0.072708 0.324508
0 0.079969 0.416632 0.112367 0.044968 0.313321
0 0.909658 0.503013 0.146850 0.135700 0.269691
0 0.455996 0.425771 0.069706 0.051707 0.250320
