0 0.246177 0.679994 0.142500 0.130446 0.885487
0 0.078501 0.288940 0.157003 0.135807 0.876272
0 0.835766 0.353473 0.152229 0.138320 0.871761
0 0.769413 0.440903 0.157462 0.155992 0.871344
0 0.054980 0.655252 0.109959 0.126134 0.868992
0 0.219046 0.389954 0.170701 0.143340 0.865559
0 0.153105 0.478572 0.163105 0.139941 0.865079
0 0.393695 0.626296 0.156274 0.073663 0.858292
0 0.548349 0.230166 0.139806 0.128973 0.857743
0 0.492767 0.749827 0.148219 0.162991 0.847480
0 0.329910 0.231364 0.173670 0.128773 0.846066
0 0.100412 0.572030 0.135030 0.131458 0.845534
0 0.879596 0.217065 0.117674 0.102913 0.845281
0 0.565413 0.434044 0.153617 0.078133 0.844439
0 0.469677 0.529119 0.153831 0.076883 0.842146
0 0.715348 0.531945 0.146340 0.155720 0.841908
0 0.134610 0.225648 0.159015 0.116123 0.839500
0 0.170229 0.762911 0.140467 0.123060 0.838189
0 0.571176 0.681269 0.152404 0.167741 0.835242
0 0.628053 0.333924 0.157776 0.074321 0.833974
0 0.305938 0.527710 0.129473 0.153230 0.826036
0 0.644065 0.612586 0.158990 0.158383 0.824359
0 0.923047 0.574958 0.152214 0.163743 0.801831
0 0.849029 0.661086 0.153394 0.163790 0.798249
0 0.281480 0.308703 0.153849 0.135986 0.789061
0 0.947513 0.264219 0.104973 0.132972 0.785558
0 0.432203 0.359751 0.132656 0.147601 0.732971
0 0.957472 0.480780 0.084460 0.150896 0.630119
0 0.043350 0.377016 0.086699 0.135958 0.594822
0 0.955790 0.512410 0.088420 0.216973 0.522747
