0 0.09921875 0.8453125 0.1171875 0.053125
0 0.28515625 0.8546875 0.1109375 0.05625
0 0.44375 0.87734375 0.103125 0.0546875
0 0.27109375 0.934375 0.1171875 0.053125
0 0.12109375 0.92109375 0.1046875 0.0515625
0 0.7 0.91015625 0.125 0.0546875
0 0.5640625 0.81796875 0.1125 0.0546875
0 0.703125 0.83046875 0.10625 0.0484375
0 0.871875 0.8640625 0.109375 0.059375
0 0.90859375 0.93515625 0.1328125 0.0640625
0 0.09375 0.766328125 0.170453125 0.066765625
0 0.8842343749999999 0.649140625 0.186078125 0.06534375