0 0.09921875 0.1578125 0.1171875 0.053125
0 0.28515625 0.1671875 0.1109375 0.05625
0 0.44375 0.18984375 0.103125 0.0546875
0 0.27109375 0.246875 0.1171875 0.053125
0 0.12109375 0.23359375 0.1046875 0.0515625
0 0.31484375 0.35234375 0.0984375 0.0515625
0 0.7 0.22265625 0.125 0.0546875
0 0.5640625 0.13046875 0.1125 0.0546875
0 0.703125 0.14296875 0.10625 0.0484375
0 0.871875 0.1765625 0.109375 0.059375
0 0.90859375 0.24765625 0.1328125 0.0640625
0 0.095875 0.07954687499999999 0.171875 0.06534374999999999