0 0.46328125 0.1046875 0.0921875 0.06875
0 0.4953125 0.16875 0.121875 0.075
0 0.53203125 0.23828125 0.1171875 0.0890625
0 0.775 0.14375 0.11875 0.075
0 0.553125 0.55234375 0.115625 0.0828125
0 0.5953125 0.37109375 0.11875 0.0796875
0 0.4484375 0.3578125 0.115625 0.084375
0 0.78828125 0.71171875 0.1203125 0.0828125
0 0.41171875 0.86640625 0.1140625 0.0890625
0 0.8625 0.9078125 0.0875 0.140625
0 0.7734375 0.92734375 0.078125 0.1234375
0 0.884375 0.3375 0.125 0.0875
0 0.93203125 0.16171875 0.1015625 0.0828125
0 0.53621875 0.48934375 0.157671875 0.10653125000000001
0 0.855828125 0.27273437500000003 0.180390625 0.0994375
0 0.95809375 0.217328125 0.0838125 0.0880625
0 0.952421875 0.46448437499999995 0.089484375 0.082390625