0 0.21015625 0.63359375 0.0640625 0.0984375
0 0.328125 0.64765625 0.05625 0.0890625
0 0.43671875 0.51484375 0.0671875 0.0921875
0 0.46015625 0.15234375 0.0515625 0.0640625
0 0.396875 0.0640625 0.053125 0.06875
0 0.92734375 0.15859375 0.0578125 0.0796875
0 0.95078125 0.3484375 0.0578125 0.084375
0 0.97890625 0.73984375 0.0421875 0.1171875
0 0.98125 0.865625 0.0375 0.103125
0 0.75 0.28515625 0.10625 0.0484375
0 0.746875 0.33046875 0.1125 0.0421875
0 0.74609375 0.390625 0.1046875 0.053125
0 0.7515625 0.43671875 0.115625 0.0484375
0 0.740625 0.4796875 0.1125 0.04375
0 0.7578125 0.5203125 0.115625 0.046875
0 0.753125 0.646875 0.128125 0.05
0 0.753125 0.68984375 0.14375 0.0703125
0 0.75859375 0.77734375 0.1421875 0.0546875
0 0.76171875 0.8265625 0.1296875 0.0625
0 0.7703125 0.97265625 0.125 0.0546875
0 0.76171875 0.91875 0.1296875 0.0625
0 0.76484375 0.87578125 0.1265625 0.0546875
0 0.10390625 0.1453125 0.0890625 0.065625
0 0.12421875 0.09921875 0.1015625 0.0640625
0 0.1203125 0.06484375 0.1 0.0546875
0 0.12421875 0.0328125 0.1015625 0.053125
0 0.917609375 0.076 0.04829687500000013 0.08096874999999999
0 0.91328125 0.0171875 0.0484375 0.034375
0 0.951 0.45382812499999997 0.05256250000000016 0.10085937499999993
0 0.7862187500000001 0.5994375 0.05823437499999997 0.04545312500000005