0 0.0546875 0.1875 0.09375 0.04375
0 0.2265625 0.1234375 0.09375 0.040625
0 0.45859375 0.10234375 0.0828125 0.0390625
0 0.2984375 0.28671875 0.084375 0.0859375
0 0.55546875 0.34140625 0.0515625 0.0890625
0 0.62890625 0.215625 0.0765625 0.071875
0 0.36171875 0.5171875 0.0515625 0.10625
0 0.47421875 0.4640625 0.0421875 0.08125
0 0.47734375 0.628125 0.0421875 0.1
0 0.48828125 0.76328125 0.0421875 0.1109375
0 0.496875 0.92421875 0.05625 0.1296875
0 0.6931875 0.0703125 0.11364062500000002 0.061078125000000004
0 0.384234375 0.91690625 0.05823437499999997 0.16618749999999985