0 0.5453125 0.7234375 0.075 0.071875
0 0.11328125 0.5734375 0.0859375 0.0375
0 0.234375 0.57578125 0.071875 0.0421875
0 0.125 0.51328125 0.096875 0.0453125
0 0.23984375 0.453125 0.0890625 0.05
0 0.47265625 0.46875 0.0859375 0.04375
0 0.6265625 0.4703125 0.09375 0.053125
0 0.725 0.4765625 0.065625 0.0375
0 0.84609375 0.47890625 0.0828125 0.0390625
0 0.98203125 0.4359375 0.0359375 0.040625
0 0.88828125 0.4328125 0.0765625 0.034375
0 0.78984375 0.428125 0.0765625 0.0375
0 0.6984375 0.42578125 0.071875 0.0390625
0 0.59765625 0.42265625 0.0640625 0.0390625
0 0.5046875 0.4203125 0.075 0.0375
0 0.41015625 0.41484375 0.0640625 0.0390625
0 0.32109375 0.4109375 0.0703125 0.0375
0 0.8984375 0.67890625 0.06875 0.0359375