0 0.75 0.67265625 0.09375 0.0390625
0 0.03359375 0.47265625 0.0671875 0.0421875
0 0.828125 0.10546875 0.040625 0.0734375
0 0.8 0.77109375 0.075 0.0390625
0 0.88828125 0.77265625 0.0765625 0.0359375
0 0.97734375 0.775 0.0453125 0.0375
0 0.55625 0.43828125 0.078125 0.0328125
0 0.47890625 0.4390625 0.0671875 0.034375
0 0.38515625 0.4359375 0.0828125 0.04375
0 0.28046875 0.43515625 0.0828125 0.0390625
0 0.190625 0.4296875 0.05 0.034375
0 0.10234375 0.428125 0.0671875 0.034375
0 0.22421875 0.6734375 0.0703125 0.040625