0 0.6015625 0.6984375 0.078125 0.05
0 0.1109375 0.571875 0.084375 0.040625
0 0.2328125 0.575 0.075 0.0375
0 0.1234375 0.51171875 0.1 0.0484375
0 0.2390625 0.4515625 0.090625 0.046875
0 0.46953125 0.465625 0.0859375 0.04375
0 0.62265625 0.4671875 0.0953125 0.053125
0 0.72265625 0.4734375 0.0640625 0.0375
0 0.84609375 0.4734375 0.0828125 0.0375
0 0.88828125 0.428125 0.0796875 0.034375
0 0.7875 0.425 0.078125 0.0375
0 0.6953125 0.421875 0.071875 0.0375
0 0.59765625 0.42109375 0.0640625 0.0359375
0 0.50234375 0.41640625 0.0765625 0.0390625
0 0.40859375 0.41171875 0.0640625 0.0390625
0 0.3171875 0.40859375 0.075 0.0359375