0 0.634375 0.68984375 0.078125 0.0453125
0 0.1109375 0.565625 0.0875 0.0375
0 0.23359375 0.56953125 0.0734375 0.0359375
0 0.1203125 0.50703125 0.09375 0.0421875
0 0.2390625 0.446875 0.0875 0.046875
0 0.46953125 0.46015625 0.0828125 0.0421875
0 0.625 0.46171875 0.09375 0.0484375
0 0.7234375 0.46796875 0.0625 0.0390625
0 0.84609375 0.46953125 0.0828125 0.0390625
0 0.98046875 0.42734375 0.0390625 0.0359375
0 0.8890625 0.42265625 0.078125 0.0359375
0 0.7890625 0.41875 0.078125 0.0375
0 0.696875 0.4171875 0.071875 0.0375
0 0.59921875 0.4140625 0.0671875 0.040625
0 0.50390625 0.41015625 0.0765625 0.0390625
0 0.409375 0.40703125 0.0625 0.0359375
0 0.31796875 0.40390625 0.0734375 0.0359375