0 0.4953125 0.80625 0.046875 0.08125
0 0.92265625 0.6859375 0.0953125 0.04375
0 0.11015625 0.58515625 0.0890625 0.0421875
0 0.2328125 0.58984375 0.071875 0.0390625
0 0.12109375 0.52421875 0.0953125 0.0453125
0 0.2390625 0.46484375 0.0875 0.0546875
0 0.46953125 0.48203125 0.0859375 0.0421875
0 0.62421875 0.48515625 0.0921875 0.0515625
0 0.84375 0.49296875 0.08125 0.0390625
0 0.98046875 0.45 0.0390625 0.046875
0 0.88828125 0.44453125 0.0796875 0.0390625
0 0.7875 0.44296875 0.075 0.0390625
0 0.6953125 0.43984375 0.071875 0.0421875
0 0.59609375 0.43515625 0.0640625 0.0421875
0 0.50234375 0.4328125 0.0734375 0.040625
0 0.4078125 0.428125 0.0625 0.040625
0 0.31640625 0.4234375 0.0703125 0.0375
0 0.5015625 0.6953125 0.071875 0.040625