0 0.0453125 0.2421875 0.075 0.075
0 0.0296875 0.80859375 0.059375 0.0453125
0 0.12421875 0.81484375 0.0859375 0.0421875
0 0.21484375 0.81953125 0.0703125 0.0421875
0 0.940625 0.5203125 0.075 0.040625
0 0.85 0.51484375 0.084375 0.0453125
0 0.74140625 0.51171875 0.0765625 0.0421875
0 0.640625 0.509375 0.06875 0.04375
0 0.540625 0.50234375 0.0875 0.0515625
0 0.4234375 0.50078125 0.071875 0.0390625
0 0.30703125 0.49765625 0.0828125 0.0421875
0 0.0359375 0.4875 0.071875 0.04375
0 0.740765625 0.839484375 0.098015625 0.042609375