0 0.040625 0.19453125 0.075 0.0734375
0 0.02890625 0.77578125 0.0578125 0.0390625
0 0.12109375 0.78125 0.0828125 0.0375
0 0.21171875 0.78515625 0.0703125 0.0359375
0 0.7484375 0.7984375 0.071875 0.040625
0 0.9390625 0.47421875 0.075 0.0359375
0 0.846875 0.4703125 0.084375 0.034375
0 0.73828125 0.46875 0.0796875 0.0375
0 0.63671875 0.46484375 0.0703125 0.0359375
0 0.53671875 0.459375 0.0859375 0.046875
0 0.41953125 0.459375 0.0703125 0.0375
0 0.30234375 0.45546875 0.0859375 0.0390625
0 0.034375 0.4484375 0.06875 0.0375