0 0.04140625 0.6625 0.0828125 0.040625
0 0.2984375 0.715625 0.09375 0.04375
0 0.03671875 0.16953125 0.0734375 0.0734375
0 0.02890625 0.76015625 0.0578125 0.0390625
0 0.11875 0.7609375 0.0875 0.0375
0 0.20859375 0.76640625 0.0703125 0.0359375
0 0.74609375 0.77578125 0.0703125 0.0390625
0 0.83671875 0.7765625 0.0609375 0.034375
0 0.93515625 0.44765625 0.0765625 0.0359375
0 0.84296875 0.44453125 0.0828125 0.0359375
0 0.73671875 0.4421875 0.0796875 0.034375
0 0.634375 0.43828125 0.06875 0.0390625
0 0.534375 0.4375 0.090625 0.040625
0 0.415625 0.43515625 0.06875 0.0359375
0 0.29921875 0.43125 0.0828125 0.0375
0 0.03359375 0.4265625 0.0671875 0.034375