0 0.4953125 0.8921875 0.053125 0.084375
0 0.21875 0.7015625 0.096875 0.05
0 0.62421875 0.7453125 0.0890625 0.05625
0 0.11640625 0.59453125 0.0859375 0.0484375
0 0.2390625 0.60390625 0.071875 0.0421875
0 0.12734375 0.53828125 0.0984375 0.0453125
0 0.24609375 0.4796875 0.0859375 0.059375
0 0.47421875 0.5 0.0859375 0.04375
0 0.62890625 0.50234375 0.0953125 0.0546875
0 0.72890625 0.50859375 0.0578125 0.0390625
0 0.8515625 0.5109375 0.084375 0.04375
0 0.89453125 0.4640625 0.0765625 0.046875
0 0.7953125 0.46171875 0.075 0.0453125
0 0.7015625 0.45625 0.071875 0.04375
0 0.6046875 0.45234375 0.065625 0.0453125
0 0.50859375 0.44765625 0.0734375 0.0421875
0 0.415625 0.44375 0.059375 0.040625
0 0.32421875 0.4390625 0.0703125 0.040625