0 0.17890625 0.71875 0.0890625 0.040625
0 0.13828125 0.18046875 0.0765625 0.0796875
0 0.10859375 0.7640625 0.0921875 0.0375
0 0.21875 0.76953125 0.08125 0.0359375
0 0.309375 0.7734375 0.071875 0.034375
0 0.84609375 0.784375 0.0703125 0.040625
0 0.94375 0.4546875 0.084375 0.034375
0 0.8359375 0.4515625 0.078125 0.034375
0 0.73671875 0.44765625 0.0703125 0.0359375
0 0.63515625 0.4453125 0.0890625 0.04375
0 0.51640625 0.44375 0.0703125 0.034375
0 0.4 0.43984375 0.08125 0.0390625
0 0.12890625 0.43359375 0.0765625 0.0359375