0 0.7078125 0.66328125 0.09375 0.0390625
0 0.84921875 0.71796875 0.0859375 0.0453125
0 0.13828125 0.1609375 0.0765625 0.078125
0 0.11015625 0.75703125 0.0921875 0.0328125
0 0.21875 0.75859375 0.08125 0.0390625
0 0.309375 0.7625 0.071875 0.0375
0 0.4109375 0.76171875 0.08125 0.0359375
0 0.8453125 0.7703125 0.075 0.0375
0 0.93671875 0.77265625 0.0640625 0.0328125
0 0.94375 0.43359375 0.08125 0.0359375
0 0.8375 0.43203125 0.08125 0.0359375
0 0.73359375 0.428125 0.0671875 0.0375
0 0.6359375 0.42890625 0.090625 0.0390625
0 0.5171875 0.42734375 0.065625 0.0359375
0 0.40234375 0.42265625 0.0828125 0.0390625
0 0.12890625 0.4203125 0.0734375 0.034375