0 0.8359375 0.6671875 0.075 0.0375
0 0.10859375 0.546875 0.0890625 0.0375
0 0.2296875 0.54921875 0.06875 0.0359375
0 0.11875 0.4859375 0.09375 0.040625
0 0.2359375 0.4265625 0.090625 0.04375
0 0.4671875 0.43671875 0.084375 0.0421875
0 0.621875 0.440625 0.096875 0.046875
0 0.8421875 0.4453125 0.08125 0.040625
0 0.97890625 0.4 0.0421875 0.0375
0 0.88515625 0.39765625 0.0796875 0.0359375
0 0.7859375 0.39453125 0.075 0.0359375
0 0.69140625 0.3953125 0.0671875 0.034375
0 0.59609375 0.3921875 0.0671875 0.034375
0 0.50234375 0.38984375 0.0765625 0.0359375
0 0.40546875 0.38515625 0.0609375 0.0328125
0 0.31484375 0.38359375 0.0765625 0.0328125