0 0.4921875 0.821875 0.04375 0.08125
0 0.7078125 0.68515625 0.09375 0.0453125
0 0.11015625 0.58203125 0.0890625 0.0421875
0 0.2328125 0.5875 0.071875 0.040625
0 0.121875 0.52109375 0.096875 0.0453125
0 0.2390625 0.46328125 0.0875 0.0578125
0 0.4671875 0.48125 0.0875 0.04375
0 0.625 0.484375 0.096875 0.053125
0 0.721875 0.49140625 0.0625 0.0421875
0 0.84375 0.49375 0.08125 0.040625
0 0.88828125 0.4453125 0.0796875 0.040625
0 0.78671875 0.4421875 0.0765625 0.040625
0 0.69609375 0.43828125 0.0734375 0.0421875
0 0.5953125 0.434375 0.065625 0.04375
0 0.5015625 0.43125 0.071875 0.0375
0 0.41171875 0.4265625 0.0640625 0.04375
0 0.31875 0.42109375 0.06875 0.0421875
0 0.31796875 0.69140625 0.0734375 0.0421875