0 0.075 0.728125 0.090625 0.040625
0 0.14296875 0.19140625 0.0765625 0.0765625
0 0.1140625 0.77421875 0.09375 0.0390625
0 0.2234375 0.778125 0.084375 0.0375
0 0.3140625 0.7828125 0.071875 0.0375
0 0.85 0.79375 0.075 0.040625
0 0.94921875 0.46640625 0.0828125 0.0328125
0 0.84140625 0.4625 0.0765625 0.034375
0 0.740625 0.4578125 0.06875 0.0375
0 0.63984375 0.4546875 0.0890625 0.046875
0 0.52109375 0.45390625 0.0671875 0.0359375
0 0.40546875 0.45078125 0.0828125 0.0390625
0 0.134375 0.44453125 0.078125 0.0359375