0 0.6640625 0.6796875 0.078125 0.0375
0 0.10625 0.55703125 0.084375 0.0359375
0 0.22890625 0.5609375 0.0734375 0.0375
0 0.11953125 0.49609375 0.1015625 0.0421875
0 0.23359375 0.4375 0.0890625 0.046875
0 0.465625 0.45 0.0875 0.04375
0 0.61875 0.45390625 0.09375 0.0484375
0 0.7203125 0.459375 0.059375 0.040625
0 0.84140625 0.459375 0.0828125 0.0375
0 0.978125 0.41640625 0.04375 0.0359375
0 0.8828125 0.4125 0.08125 0.034375
0 0.784375 0.40859375 0.075 0.0359375
0 0.6921875 0.40703125 0.071875 0.0359375
0 0.59296875 0.40546875 0.0671875 0.0390625
0 0.49921875 0.40234375 0.0734375 0.0359375
0 0.4046875 0.39765625 0.065625 0.0359375
0 0.31328125 0.3953125 0.0765625 0.034375