0 0.57109375 0.70234375 0.0796875 0.0640625
0 0.11015625 0.56640625 0.0859375 0.0390625
0 0.23203125 0.5703125 0.0734375 0.040625
0 0.12265625 0.50703125 0.0984375 0.0453125
0 0.23828125 0.44765625 0.0890625 0.0484375
0 0.4703125 0.4625 0.084375 0.040625
0 0.62265625 0.46171875 0.0953125 0.0484375
0 0.721875 0.4703125 0.065625 0.0375
0 0.84609375 0.47265625 0.0828125 0.0390625
0 0.98046875 0.428125 0.0390625 0.0375
0 0.88828125 0.42421875 0.0796875 0.0359375
0 0.78984375 0.421875 0.0796875 0.034375
0 0.6953125 0.4171875 0.071875 0.040625
0 0.596875 0.415625 0.065625 0.040625
0 0.503125 0.41171875 0.075 0.0390625
0 0.409375 0.4078125 0.0625 0.0375
0 0.3171875 0.4046875 0.071875 0.040625