0 0.51875 0.73671875 0.06875 0.0796875
0 0.10859375 0.5703125 0.0859375 0.040625
0 0.23046875 0.57265625 0.0765625 0.0390625
0 0.1203125 0.50859375 0.096875 0.0484375
0 0.23828125 0.44921875 0.0890625 0.0515625
0 0.46796875 0.46640625 0.0859375 0.0421875
0 0.62109375 0.4671875 0.0921875 0.05
0 0.8421875 0.47578125 0.084375 0.0390625
0 0.97890625 0.43359375 0.0421875 0.0421875
0 0.8875 0.42890625 0.08125 0.0359375
0 0.78671875 0.425 0.0765625 0.0375
0 0.69375 0.421875 0.071875 0.040625
0 0.59375 0.41875 0.065625 0.040625
0 0.50078125 0.41484375 0.0765625 0.0390625
0 0.40625 0.40859375 0.065625 0.0421875
0 0.31484375 0.40703125 0.0703125 0.0390625
0 0.790625 0.67734375 0.071875 0.0390625