0 0.04609375 0.71171875 0.0921875 0.0515625
0 0.12109375 0.61015625 0.0859375 0.0515625
0 0.24296875 0.61875 0.0703125 0.04375
0 0.13046875 0.5515625 0.0953125 0.046875
0 0.4796875 0.515625 0.08125 0.04375
0 0.6328125 0.51796875 0.09375 0.0515625
0 0.7328125 0.5234375 0.0625 0.040625
0 0.85234375 0.52734375 0.0796875 0.0453125
0 0.98515625 0.48671875 0.0296875 0.0453125
0 0.896875 0.4796875 0.08125 0.04375
0 0.79765625 0.475 0.0765625 0.040625
0 0.70546875 0.47265625 0.0703125 0.0390625
0 0.60703125 0.4703125 0.0671875 0.040625
0 0.5125 0.46328125 0.071875 0.0421875
0 0.41875 0.4578125 0.0625 0.04375
0 0.328125 0.45234375 0.071875 0.0421875
0 0.44743750000000004 0.764203125 0.09090625 0.053984374999999994
0 0.25 0.49503125 0.09090625 0.061078125000000004