0 0.16953125 0.66015625 0.0953125 0.0390625
0 0.403125 0.7140625 0.09375 0.040625
0 0.03671875 0.165625 0.0734375 0.078125
0 0.02578125 0.75703125 0.0515625 0.0390625
0 0.115625 0.75859375 0.084375 0.0359375
0 0.2046875 0.76328125 0.071875 0.0359375
0 0.7421875 0.77109375 0.071875 0.0390625
0 0.8328125 0.77265625 0.065625 0.0359375
0 0.93203125 0.44296875 0.0765625 0.0359375
0 0.840625 0.43984375 0.08125 0.0359375
0 0.73359375 0.43671875 0.0796875 0.0359375
0 0.6296875 0.43359375 0.071875 0.0359375
0 0.53125 0.43125 0.090625 0.040625
0 0.4125 0.43046875 0.065625 0.0328125
0 0.296875 0.4265625 0.084375 0.0375
0 0.03203125 0.42265625 0.0640625 0.0359375