0 0.2578125 0.67421875 0.096875 0.0421875
0 0.628125 0.7265625 0.090625 0.04375
0 0.03203125 0.4796875 0.0640625 0.040625
0 0.82578125 0.121875 0.0359375 0.071875
0 0.79609375 0.7765625 0.0765625 0.040625
0 0.88203125 0.77734375 0.0765625 0.0359375
0 0.97578125 0.778125 0.0484375 0.04375
0 0.5515625 0.44765625 0.078125 0.0359375
0 0.47578125 0.45 0.0640625 0.0375
0 0.38125 0.4421875 0.0875 0.04375
0 0.275 0.44296875 0.084375 0.0359375
0 0.1875 0.43984375 0.053125 0.0390625
0 0.10078125 0.4359375 0.0734375 0.0375