0 0.14453125 0.21640625 0.0765625 0.0765625
0 0.11328125 0.78984375 0.0921875 0.0421875
0 0.221875 0.79453125 0.0875 0.0390625
0 0.3140625 0.80078125 0.071875 0.0390625
0 0.84765625 0.8140625 0.0734375 0.0375
0 0.94765625 0.48984375 0.0828125 0.0390625
0 0.83984375 0.48828125 0.0796875 0.0390625
0 0.73984375 0.48359375 0.0703125 0.0390625
0 0.63828125 0.4796875 0.0890625 0.046875
0 0.52109375 0.47734375 0.0734375 0.0390625
0 0.40546875 0.475 0.0828125 0.040625
0 0.13359375 0.465625 0.0765625 0.040625