0 0.13671875 0.6625 0.0953125 0.040625
0 0.4 0.715625 0.09375 0.04375
0 0.1375 0.16953125 0.075 0.0734375
0 0.11015625 0.76015625 0.0984375 0.0390625
0 0.2203125 0.7609375 0.0875 0.0375
0 0.31015625 0.76640625 0.0703125 0.0359375
0 0.84765625 0.77578125 0.0703125 0.0390625
0 0.93828125 0.7765625 0.0609375 0.034375
0 0.94453125 0.44453125 0.0828125 0.0359375
0 0.83828125 0.4421875 0.0796875 0.034375
0 0.7359375 0.43828125 0.06875 0.0390625
0 0.6359375 0.4375 0.090625 0.040625
0 0.5171875 0.43515625 0.06875 0.0359375
0 0.40078125 0.43125 0.0828125 0.0375
0 0.13046875 0.4265625 0.0765625 0.034375