0 0.7875 0.671875 0.075 0.0375
0 0.10546875 0.54296875 0.0859375 0.0359375
0 0.22890625 0.54609375 0.0703125 0.0359375
0 0.11640625 0.48359375 0.0953125 0.0421875
0 0.23359375 0.42421875 0.0859375 0.0421875
0 0.4640625 0.4421875 0.084375 0.0375
0 0.6171875 0.44609375 0.09375 0.0453125
0 0.8375 0.45078125 0.08125 0.0390625
0 0.978125 0.40703125 0.04375 0.0359375
0 0.88125 0.40390625 0.078125 0.0359375
0 0.78203125 0.40078125 0.0765625 0.0359375
0 0.68828125 0.39921875 0.0703125 0.0359375
0 0.59140625 0.396875 0.0671875 0.0375
0 0.496875 0.39453125 0.075 0.0359375
0 0.40078125 0.3890625 0.0609375 0.034375
0 0.31171875 0.3859375 0.0734375 0.034375