0 0.14765625 0.68125 0.0953125 0.04375
0 0.52265625 0.73359375 0.0890625 0.0421875
0 0.03359375 0.48984375 0.0671875 0.0421875
0 0.828125 0.13203125 0.0375 0.0703125
0 0.8 0.78515625 0.071875 0.0390625
0 0.88671875 0.78671875 0.0765625 0.0359375
0 0.97734375 0.7875 0.0453125 0.046875
0 0.55546875 0.4578125 0.0765625 0.0375
0 0.47734375 0.45859375 0.0671875 0.0390625
0 0.384375 0.45078125 0.0875 0.0453125
0 0.27734375 0.45390625 0.0828125 0.0359375
0 0.19140625 0.44921875 0.0515625 0.0390625
0 0.103125 0.4453125 0.06875 0.0375