0 0.8765625 0.66171875 0.078125 0.0390625
0 0.10625 0.54140625 0.0875 0.0359375
0 0.22890625 0.54453125 0.0734375 0.0359375
0 0.11640625 0.48046875 0.0984375 0.0421875
0 0.234375 0.4203125 0.090625 0.04375
0 0.4625 0.43203125 0.084375 0.0390625
0 0.62109375 0.43359375 0.0953125 0.0453125
0 0.71953125 0.4375 0.0640625 0.040625
0 0.83984375 0.43828125 0.0828125 0.0390625
0 0.978125 0.39375 0.04375 0.0375
0 0.8828125 0.39140625 0.078125 0.0328125
0 0.784375 0.3875 0.078125 0.034375
0 0.6890625 0.38671875 0.065625 0.0328125
0 0.59140625 0.3859375 0.0671875 0.0375
0 0.5 0.3828125 0.075 0.034375
0 0.4046875 0.37890625 0.0625 0.0328125
0 0.31171875 0.378125 0.0734375 0.034375