0 0.0375 0.20234375 0.075 0.0765625
0 0.02734375 0.7796875 0.0546875 0.040625
0 0.11796875 0.78515625 0.0859375 0.0390625
0 0.209375 0.7890625 0.071875 0.0375
0 0.73984375 0.80390625 0.0765625 0.0390625
0 0.93515625 0.48125 0.0765625 0.0375
0 0.84453125 0.478125 0.0828125 0.0375
0 0.7359375 0.47578125 0.078125 0.0359375
0 0.634375 0.47109375 0.06875 0.0390625
0 0.53515625 0.4671875 0.0890625 0.05
0 0.415625 0.4640625 0.071875 0.0375
0 0.30078125 0.46171875 0.0828125 0.0390625
0 0.0328125 0.45390625 0.065625 0.0390625