0 0.04140625 0.68125 0.0828125 0.040625
0 0.415625 0.73515625 0.090625 0.0421875
0 0.33125 0.734375 0.05 0.034375
0 0.0328125 0.49140625 0.065625 0.0421875
0 0.8296875 0.13515625 0.040625 0.0703125
0 0.79921875 0.78671875 0.0734375 0.0390625
0 0.8859375 0.78828125 0.075 0.0359375
0 0.5578125 0.4609375 0.084375 0.0375
0 0.478125 0.46015625 0.065625 0.0390625
0 0.38515625 0.45390625 0.0890625 0.0484375
0 0.278125 0.45625 0.084375 0.0375
0 0.18984375 0.45078125 0.0484375 0.0390625
0 0.10234375 0.4453125 0.0703125 0.0375