0 0.4953125 0.86328125 0.040625 0.0796875
0 0.40625 0.70234375 0.09375 0.0515625
0 0.8109375 0.740625 0.090625 0.053125
0 0.115625 0.5953125 0.090625 0.05
0 0.2375 0.60390625 0.071875 0.0421875
0 0.12578125 0.5375 0.0984375 0.046875
0 0.2421875 0.47734375 0.0875 0.0578125
0 0.47421875 0.49921875 0.0828125 0.0453125
0 0.62890625 0.5 0.0921875 0.05625
0 0.73046875 0.5078125 0.0640625 0.040625
0 0.8484375 0.509375 0.08125 0.04375
0 0.89296875 0.4609375 0.0796875 0.04375
0 0.79296875 0.46015625 0.0765625 0.0453125
0 0.70078125 0.45390625 0.0734375 0.0453125
0 0.6015625 0.45078125 0.065625 0.0453125
0 0.50859375 0.44609375 0.0734375 0.0421875
0 0.41328125 0.4421875 0.0640625 0.04375
0 0.32265625 0.43671875 0.0734375 0.0390625
0 0.0546875 0.69921875 0.075 0.0453125