0 0.04140625 0.19140625 0.0765625 0.0765625
0 0.0296875 0.77421875 0.059375 0.0390625
0 0.121875 0.778125 0.084375 0.0375
0 0.2125 0.7828125 0.071875 0.0375
0 0.7484375 0.79375 0.075 0.040625
0 0.9375 0.46953125 0.075 0.0390625
0 0.84765625 0.46640625 0.0828125 0.0328125
0 0.73984375 0.4625 0.0765625 0.034375
0 0.6390625 0.4578125 0.06875 0.0375
0 0.53828125 0.4546875 0.0890625 0.046875
0 0.41953125 0.45390625 0.0671875 0.0359375
0 0.30390625 0.45078125 0.0828125 0.0390625
0 0.0359375 0.44453125 0.071875 0.0359375