0 0.0421875 0.228125 0.075 0.075
0 0.028125 0.796875 0.05625 0.04375
0 0.12109375 0.8015625 0.0890625 0.04375
0 0.2109375 0.80703125 0.06875 0.0390625
0 0.7359375 0.821875 0.084375 0.0375
0 0.93671875 0.50546875 0.0765625 0.0421875
0 0.84609375 0.50078125 0.0828125 0.0421875
0 0.7375 0.49765625 0.08125 0.0421875
0 0.63671875 0.49453125 0.0703125 0.0390625
0 0.5359375 0.4890625 0.090625 0.053125
0 0.41875 0.4859375 0.071875 0.040625
0 0.303125 0.48515625 0.084375 0.0421875
0 0.03515625 0.47578125 0.0703125 0.0453125