0 0.47734375 0.56796875 0.0640625 0.0484375
0 0.153125 0.66640625 0.06875 0.0484375
0 0.20625 0.69140625 0.071875 0.0484375
0 0.88125 0.32890625 0.08125 0.0578125
0 0.93984375 0.39921875 0.0734375 0.0578125
0 0.49140625 0.40078125 0.0640625 0.0359375
0 0.32421875 0.26640625 0.0578125 0.0765625
0 0.26953125 0.16796875 0.0515625 0.0703125
0 0.31484375 0.034375 0.0546875 0.065625
0 0.0890625 0.02734375 0.075 0.0515625
0 0.26484375 0.28671875 0.0359375 0.0453125
0 0.19296875 0.12421875 0.0453125 0.0546875
0 0.6921875 0.08125 0.06875 0.034375
0 0.8203125 0.075 0.065625 0.034375
0 0.21875 0.971875 0.065625 0.034375
0 0.67578125 0.82109375 0.0640625 0.0609375
0 0.73515625 0.87265625 0.0703125 0.0703125
0 0.79453125 0.9234375 0.0734375 0.065625
0 0.85859375 0.96640625 0.0703125 0.0609375