0 0.21875 0.56875 0.065625 0.05
0 0.046875 0.6484375 0.06875 0.05
0 0.440625 0.4125 0.078125 0.05625
0 0.89609375 0.28828125 0.0734375 0.0546875
0 0.21328125 0.396875 0.0671875 0.040625
0 0.06875 0.26640625 0.059375 0.0765625
0 0.01796875 0.16640625 0.0359375 0.0671875
0 0.05625 0.034375 0.053125 0.065625
0 0.4328125 0.0796875 0.071875 0.040625
0 0.5609375 0.07578125 0.065625 0.0328125
0 0.41953125 0.821875 0.0640625 0.0625
0 0.47734375 0.871875 0.0703125 0.06875
0 0.53671875 0.92265625 0.0703125 0.0640625
0 0.6015625 0.9671875 0.06875 0.059375
0 0.8546875 0.4546875 0.0375 0.06875
0 0.83828125 0.56796875 0.0390625 0.0765625
0 0.83125 0.659375 0.040625 0.065625
0 0.80234375 0.8328125 0.0359375 0.075
0 0.86875 0.6671875 0.053125 0.08125
0 0.915625 0.6234375 0.04375 0.078125