0 0.22734375 0.56796875 0.0640625 0.0484375
0 0.63125 0.32890625 0.08125 0.0578125
0 0.68984375 0.39921875 0.0734375 0.0578125
0 0.24140625 0.40078125 0.0640625 0.0359375
0 0.07421875 0.26640625 0.0578125 0.0765625
0 0.02265625 0.16796875 0.0453125 0.0703125
0 0.06484375 0.034375 0.0546875 0.065625
0 0.4421875 0.08125 0.06875 0.034375
0 0.5703125 0.075 0.065625 0.034375
0 0.42578125 0.82109375 0.0640625 0.0609375
0 0.48515625 0.87265625 0.0703125 0.0703125
0 0.54453125 0.9234375 0.0734375 0.065625
0 0.60859375 0.96640625 0.0703125 0.0609375
0 0.8640625 0.4546875 0.0375 0.06875
0 0.84765625 0.56796875 0.0390625 0.0765625
0 0.83984375 0.6578125 0.0390625 0.065625
0 0.8109375 0.8328125 0.0375 0.075
0 0.87421875 0.67890625 0.0578125 0.0796875
0 0.9234375 0.62578125 0.04375 0.0796875