0 0.23046875 0.57421875 0.0671875 0.0515625
0 0.6890625 0.31015625 0.078125 0.0546875
0 0.6265625 0.440625 0.075 0.05625
0 0.25078125 0.40859375 0.0640625 0.0328125
0 0.07734375 0.27109375 0.0578125 0.0765625
0 0.02421875 0.171875 0.0484375 0.06875
0 0.0671875 0.03828125 0.053125 0.0671875
0 0.44609375 0.08515625 0.0703125 0.0359375
0 0.5734375 0.08125 0.065625 0.03125
0 0.4296875 0.828125 0.065625 0.0625
0 0.4890625 0.878125 0.06875 0.065625
0 0.5453125 0.928125 0.075 0.06875
0 0.60625 0.96875 0.06875 0.0625
0 0.8671875 0.45859375 0.040625 0.0703125
0 0.85 0.57109375 0.040625 0.0734375
0 0.8421875 0.66328125 0.04375 0.0671875
0 0.8125 0.8375 0.040625 0.075
0 0.87578125 0.68671875 0.0578125 0.0703125
0 0.92734375 0.63046875 0.0421875 0.0796875