0 0.2234375 0.56875 0.065625 0.05
0 0.56640625 0.35703125 0.0796875 0.0578125
0 0.7578125 0.36171875 0.075 0.0578125
0 0.2328125 0.4015625 0.065625 0.034375
0 0.07109375 0.26640625 0.0609375 0.0765625
0 0.0203125 0.16640625 0.040625 0.0671875
0 0.0609375 0.034375 0.053125 0.065625
0 0.4375 0.08046875 0.06875 0.0359375
0 0.565625 0.07578125 0.065625 0.0328125
0 0.4234375 0.82265625 0.0625 0.0609375
0 0.48046875 0.87421875 0.0703125 0.0671875
0 0.540625 0.92265625 0.071875 0.0640625
0 0.60546875 0.9671875 0.0671875 0.059375
0 0.859375 0.45625 0.0375 0.065625
0 0.84375 0.56796875 0.040625 0.0734375
0 0.83515625 0.66015625 0.0421875 0.0640625
0 0.80703125 0.83359375 0.0390625 0.0765625
0 0.87109375 0.6734375 0.0546875 0.08125
0 0.91953125 0.6265625 0.0453125 0.078125