0 0.4734375 0.56875 0.065625 0.05
0 0.071875 0.6953125 0.06875 0.046875
0 0.2390625 0.67578125 0.06875 0.0484375
0 0.81640625 0.35703125 0.0796875 0.0578125
0 0.98515625 0.36171875 0.0296875 0.0578125
0 0.4828125 0.4015625 0.065625 0.034375
0 0.32109375 0.26640625 0.0609375 0.0765625
0 0.265625 0.16640625 0.05 0.0671875
0 0.3109375 0.034375 0.053125 0.065625
0 0.08359375 0.02890625 0.0734375 0.0484375
0 0.2609375 0.28515625 0.0375 0.0484375
0 0.1890625 0.12421875 0.04375 0.0546875
0 0.6875 0.08046875 0.06875 0.0359375
0 0.815625 0.07578125 0.065625 0.0328125
0 0.21640625 0.9734375 0.0640625 0.034375
0 0.6734375 0.82265625 0.0625 0.0609375
0 0.73046875 0.87421875 0.0703125 0.0671875
0 0.790625 0.92265625 0.071875 0.0640625
0 0.85546875 0.9671875 0.0671875 0.059375