0 0.46328125 0.56953125 0.0703125 0.0515625
0 0.34765625 0.6234375 0.0671875 0.05
0 0.49921875 0.4984375 0.0796875 0.059375
0 0.41953125 0.36875 0.0640625 0.0625
0 0.31328125 0.265625 0.0578125 0.075
0 0.25703125 0.16640625 0.0515625 0.0671875
0 0.3015625 0.03359375 0.053125 0.0640625
0 0.07578125 0.0265625 0.0765625 0.046875
0 0.25234375 0.28359375 0.0390625 0.0484375
0 0.18046875 0.1265625 0.0421875 0.05
0 0.678125 0.07890625 0.06875 0.0359375
0 0.80546875 0.07421875 0.0671875 0.0328125
0 0.3453125 0.67265625 0.075 0.0515625
0 0.209375 0.971875 0.065625 0.034375
0 0.66640625 0.82109375 0.0609375 0.0578125
0 0.72421875 0.87265625 0.0703125 0.0671875
0 0.78359375 0.921875 0.0703125 0.0625
0 0.846875 0.9671875 0.06875 0.059375