0 0.21015625 0.56875 0.0703125 0.053125
0 0.12578125 0.6078125 0.0671875 0.05
0 0.1109375 0.2484375 0.05 0.06875
0 0.06171875 0.2640625 0.0578125 0.075
0 0.01484375 0.16328125 0.0296875 0.0703125
0 0.05 0.03203125 0.053125 0.0640625
0 0.4265625 0.07890625 0.071875 0.0359375
0 0.553125 0.07421875 0.065625 0.0328125
0 0.60703125 0.32890625 0.0671875 0.0515625
0 0.3859375 0.534375 0.075 0.053125
0 0.0296875 0.7078125 0.059375 0.053125
0 0.4125 0.82109375 0.059375 0.0578125
0 0.471875 0.871875 0.071875 0.065625
0 0.53125 0.92109375 0.06875 0.0609375
0 0.59140625 0.965625 0.0703125 0.0625
0 0.84375 0.4546875 0.034375 0.065625
0 0.83125 0.565625 0.0375 0.075
0 0.821875 0.6578125 0.034375 0.0625
0 0.79609375 0.8328125 0.0359375 0.06875
0 0.8625 0.6515625 0.046875 0.08125
0 0.90625 0.62421875 0.040625 0.0796875
0 0.8828125 0.80078125 0.0375 0.0734375