0 0.20703125 0.56953125 0.0703125 0.0515625
0 0.12578125 0.60625 0.0671875 0.05
0 0.04375 0.12265625 0.05625 0.0703125
0 0.0578125 0.2640625 0.05625 0.075
0 0.0453125 0.03515625 0.053125 0.0640625
0 0.42265625 0.0796875 0.0703125 0.034375
0 0.5484375 0.07421875 0.06875 0.0328125
0 0.38984375 0.42890625 0.0640625 0.0515625
0 0.59453125 0.42421875 0.0734375 0.0546875
0 0.2265625 0.6171875 0.078125 0.05625
0 0.41015625 0.82109375 0.0578125 0.0578125
0 0.46640625 0.8703125 0.0671875 0.065625
0 0.52734375 0.92265625 0.0734375 0.0671875
0 0.5875 0.96484375 0.071875 0.0640625
0 0.83828125 0.4546875 0.0359375 0.06875
0 0.81875 0.6546875 0.034375 0.0625
0 0.79140625 0.83203125 0.0359375 0.0703125
0 0.859375 0.64140625 0.040625 0.0765625
0 0.9 0.62421875 0.040625 0.0796875
0 0.8765625 0.803125 0.034375 0.071875
0 0.8295468749999999 0.5681875 0.042609375 0.071015625