0 0.20390625 0.5703125 0.0703125 0.053125
0 0.12265625 0.60859375 0.0671875 0.0515625
0 0.02109375 0.07578125 0.0421875 0.0703125
0 0.0546875 0.265625 0.05625 0.075
0 0.0421875 0.03515625 0.053125 0.0640625
0 0.41953125 0.08125 0.0703125 0.034375
0 0.54296875 0.0765625 0.0671875 0.034375
0 0.315625 0.46484375 0.065625 0.0515625
0 0.6609375 0.38828125 0.075 0.0578125
0 0.29296875 0.58828125 0.0796875 0.0578125
0 0.40546875 0.8234375 0.0578125 0.05625
0 0.4640625 0.8734375 0.06875 0.065625
0 0.5234375 0.92265625 0.075 0.0671875
0 0.5828125 0.9671875 0.071875 0.0625
0 0.83515625 0.45703125 0.0359375 0.0671875
0 0.815625 0.65625 0.0375 0.065625
0 0.78671875 0.83359375 0.0390625 0.0734375
0 0.85625 0.63828125 0.040625 0.0765625
0 0.8953125 0.6265625 0.0375 0.078125
0 0.8734375 0.80390625 0.034375 0.0734375