0 0.46015625 0.56875 0.0703125 0.053125
0 0.37578125 0.6078125 0.0671875 0.05
0 0.24140625 0.61171875 0.0796875 0.0546875
0 0.3609375 0.2484375 0.05 0.06875
0 0.31171875 0.2640625 0.0578125 0.075
0 0.2546875 0.16328125 0.05 0.0703125
0 0.3 0.03203125 0.053125 0.0640625
0 0.075 0.0265625 0.071875 0.04375
0 0.24921875 0.28359375 0.0390625 0.0453125
0 0.178125 0.1265625 0.040625 0.05
0 0.6765625 0.07890625 0.071875 0.0359375
0 0.803125 0.07421875 0.065625 0.0328125
0 0.85703125 0.32890625 0.0671875 0.0515625
0 0.6359375 0.534375 0.075 0.053125
0 0.2703125 0.7078125 0.078125 0.053125
0 0.20625 0.9703125 0.06875 0.0375
0 0.6625 0.82109375 0.059375 0.0578125
0 0.721875 0.871875 0.071875 0.065625
0 0.78125 0.92109375 0.06875 0.0609375
0 0.84140625 0.965625 0.0703125 0.0625