0 0.45703125 0.5703125 0.0703125 0.053125
0 0.375 0.60703125 0.065625 0.0484375
0 0.171875 0.63984375 0.08125 0.0578125
0 0.33984375 0.21015625 0.0515625 0.0671875
0 0.3078125 0.26484375 0.05625 0.0734375
0 0.2515625 0.16484375 0.05 0.0703125
0 0.296875 0.03359375 0.053125 0.0640625
0 0.07109375 0.025 0.0734375 0.04375
0 0.246875 0.28359375 0.0375 0.0453125
0 0.17421875 0.125 0.0421875 0.053125
0 0.67421875 0.07890625 0.0703125 0.0328125
0 0.79921875 0.07421875 0.0671875 0.0328125
0 0.78203125 0.36328125 0.0640625 0.0515625
0 0.7046875 0.4984375 0.075 0.05625
0 0.33671875 0.6796875 0.0796875 0.053125
0 0.20234375 0.97109375 0.0640625 0.0359375
0 0.66015625 0.82109375 0.0578125 0.0546875
0 0.7171875 0.87265625 0.06875 0.0671875
0 0.778125 0.9234375 0.071875 0.065625
0 0.83828125 0.96640625 0.0734375 0.0640625