0 0.20703125 0.5703125 0.0703125 0.053125
0 0.125 0.60703125 0.065625 0.0484375
0 0.08984375 0.21015625 0.0515625 0.0671875
0 0.0578125 0.26484375 0.05625 0.0734375
0 0.046875 0.03359375 0.053125 0.0640625
0 0.42421875 0.07890625 0.0703125 0.0328125
0 0.54921875 0.07421875 0.0671875 0.0328125
0 0.53203125 0.36328125 0.0640625 0.0515625
0 0.4546875 0.4984375 0.075 0.05625
0 0.08671875 0.6796875 0.0796875 0.053125
0 0.41015625 0.82109375 0.0578125 0.0546875
0 0.4671875 0.87265625 0.06875 0.0671875
0 0.528125 0.9234375 0.071875 0.065625
0 0.58828125 0.96640625 0.0734375 0.0640625
0 0.83984375 0.45625 0.0359375 0.065625
0 0.8265625 0.5671875 0.0375 0.075
0 0.82109375 0.65625 0.0359375 0.0625
0 0.79296875 0.83359375 0.0359375 0.0703125
0 0.859375 0.65 0.04375 0.078125
0 0.90234375 0.625 0.0421875 0.078125
0 0.87890625 0.803125 0.0390625 0.075