0 0.4640625 0.5703125 0.06875 0.05
0 0.36953125 0.6140625 0.0671875 0.05
0 0.37265625 0.55703125 0.0796875 0.0578125
0 0.39375 0.32109375 0.05 0.0671875
0 0.3140625 0.26484375 0.059375 0.0734375
0 0.2578125 0.16640625 0.046875 0.0671875
0 0.30234375 0.03359375 0.0546875 0.0671875
0 0.07734375 0.0265625 0.0734375 0.05
0 0.18125 0.12578125 0.040625 0.0484375
0 0.6796875 0.0796875 0.06875 0.034375
0 0.80703125 0.075 0.0671875 0.034375
0 0.4953125 0.60859375 0.075 0.0546875
0 0.13203125 0.7625 0.0796875 0.053125
0 0.21015625 0.9734375 0.0671875 0.0375
0 0.66640625 0.82265625 0.0609375 0.0578125
0 0.725 0.87265625 0.06875 0.0671875
0 0.78515625 0.92265625 0.0703125 0.0640625
0 0.846875 0.96640625 0.06875 0.0609375