0 0.45703125 0.56953125 0.0703125 0.0515625
0 0.37578125 0.60625 0.0671875 0.05
0 0.03984375 0.6875 0.0796875 0.053125
0 0.29375 0.12265625 0.05625 0.0703125
0 0.3078125 0.2640625 0.05625 0.075
0 0.25 0.1640625 0.05 0.071875
0 0.2953125 0.03515625 0.053125 0.0640625
0 0.0703125 0.025 0.075 0.04375
0 0.24765625 0.28359375 0.0390625 0.0453125
0 0.17421875 0.1234375 0.0421875 0.05625
0 0.67265625 0.0796875 0.0703125 0.034375
0 0.7984375 0.07421875 0.06875 0.0328125
0 0.63984375 0.42890625 0.0640625 0.0515625
0 0.84453125 0.42421875 0.0734375 0.0546875
0 0.4765625 0.6171875 0.078125 0.05625
0 0.203125 0.971875 0.065625 0.034375
0 0.66015625 0.82109375 0.0578125 0.0578125
0 0.71640625 0.8703125 0.0671875 0.065625
0 0.77734375 0.92265625 0.0734375 0.0671875
0 0.8375 0.96484375 0.071875 0.0640625