0 0.20625 0.56875 0.06875 0.05
0 0.12578125 0.60703125 0.0671875 0.0515625
0 0.06796875 0.16640625 0.0546875 0.0703125
0 0.05703125 0.2640625 0.0578125 0.075
0 0.0125 0.16484375 0.025 0.0703125
0 0.04609375 0.034375 0.0515625 0.065625
0 0.42265625 0.08046875 0.0734375 0.0359375
0 0.5484375 0.07421875 0.065625 0.0328125
0 0.4609375 0.39453125 0.0625 0.0484375
0 0.52421875 0.46015625 0.0734375 0.0578125
0 0.15703125 0.6484375 0.0796875 0.053125
0 0.40859375 0.8203125 0.0578125 0.05625
0 0.465625 0.8703125 0.06875 0.06875
0 0.52578125 0.92265625 0.0734375 0.0671875
0 0.58671875 0.9640625 0.0703125 0.0625
0 0.8390625 0.4546875 0.034375 0.065625
0 0.8265625 0.5671875 0.0375 0.075
0 0.81953125 0.65703125 0.0328125 0.0640625
0 0.79140625 0.8328125 0.0328125 0.06875
0 0.8578125 0.64609375 0.04375 0.0765625
0 0.90078125 0.62421875 0.0421875 0.0796875
0 0.8765625 0.803125 0.040625 0.075
0 0.9623593749999999 0.550421875 0.032671875 0.026984374999999998