0 0.4671875 0.56875 0.06875 0.053125
0 0.3359375 0.6296875 0.06875 0.05
0 0.56484375 0.4703125 0.0796875 0.059375
0 0.4359375 0.384375 0.065625 0.05
0 0.3171875 0.263421875 0.059375 0.0765625
0 0.26015625 0.16640625 0.0484375 0.0671875
0 0.3046875 0.034375 0.053125 0.065625
0 0.0796875 0.02578125 0.071875 0.0421875
0 0.2546875 0.284375 0.040625 0.046875
0 0.184375 0.12578125 0.04375 0.0515625
0 0.68125 0.0796875 0.06875 0.034375
0 0.80859375 0.075 0.0640625 0.03125
0 0.27265625 0.70390625 0.0765625 0.0515625
0 0.2125 0.97109375 0.06875 0.0359375
0 0.6671875 0.82265625 0.0625 0.0609375
0 0.72578125 0.871875 0.0734375 0.06875
0 0.784375 0.92265625 0.071875 0.0640625
0 0.84921875 0.965625 0.0671875 0.059375