0 0.2140625 0.5703125 0.06875 0.05
0 0.11953125 0.6140625 0.0671875 0.05
0 0.12265625 0.55703125 0.0796875 0.0578125
0 0.14375 0.32109375 0.05 0.0671875
0 0.0640625 0.26484375 0.059375 0.0734375
0 0.015625 0.16640625 0.03125 0.0671875
0 0.05234375 0.03359375 0.0546875 0.0671875
0 0.4296875 0.0796875 0.06875 0.034375
0 0.55703125 0.075 0.0671875 0.034375
0 0.75390625 0.27109375 0.0671875 0.0515625
0 0.2453125 0.60859375 0.075 0.0546875
0 0.41640625 0.82265625 0.0609375 0.0578125
0 0.475 0.87265625 0.06875 0.0671875
0 0.53515625 0.92265625 0.0703125 0.0640625
0 0.596875 0.96640625 0.06875 0.0609375
0 0.84765625 0.45546875 0.0359375 0.0671875
0 0.83515625 0.56796875 0.0359375 0.0734375
0 0.8265625 0.65859375 0.0375 0.0640625
0 0.79921875 0.83515625 0.0359375 0.0703125
0 0.86640625 0.65625 0.0453125 0.078125
0 0.91015625 0.625 0.0421875 0.078125
0 0.88671875 0.80234375 0.0390625 0.0734375