0 0.21328125 0.56875 0.0671875 0.05
0 0.10859375 0.6171875 0.0671875 0.05
0 0.1875 0.52734375 0.078125 0.0578125
0 0.15625 0.34609375 0.05625 0.0640625
0 0.0640625 0.265625 0.059375 0.075
0 0.01640625 0.1640625 0.0328125 0.06875
0 0.0515625 0.03203125 0.053125 0.0640625
0 0.4296875 0.07890625 0.06875 0.0359375
0 0.55703125 0.075 0.0671875 0.034375
0 0.82578125 0.240625 0.0671875 0.05
0 0.1703125 0.640625 0.075 0.053125
0 0.41484375 0.8203125 0.0609375 0.059375
0 0.47265625 0.871875 0.0734375 0.06875
0 0.53359375 0.92265625 0.0703125 0.0640625
0 0.59609375 0.96484375 0.0703125 0.0609375
0 0.8484375 0.4546875 0.034375 0.065625
0 0.834375 0.56640625 0.0375 0.0765625
0 0.82734375 0.65703125 0.0359375 0.0609375
0 0.7984375 0.8328125 0.0375 0.071875
0 0.8640625 0.65703125 0.046875 0.0796875
0 0.91015625 0.62421875 0.0421875 0.0828125
0 0.88671875 0.80234375 0.0390625 0.0734375