0 0.45859375 0.55703125 0.0640625 0.0640625
0 0.36484375 0.6109375 0.0640625 0.05
0 0.30703125 0.2671875 0.0578125 0.078125
0 0.25078125 0.16796875 0.0515625 0.0703125
0 0.29375 0.03828125 0.053125 0.0640625
0 0.0671875 0.0296875 0.071875 0.04375
0 0.2453125 0.2890625 0.0375 0.04375
0 0.66015625 0.0859375 0.0703125 0.034375
0 0.784375 0.08046875 0.065625 0.0328125
0 0.34140625 0.56953125 0.0640625 0.0515625
0 0.73671875 0.48671875 0.0765625 0.0578125
0 0.11328125 0.771875 0.0703125 0.046875
0 0.2015625 0.97578125 0.065625 0.0359375
0 0.64765625 0.82578125 0.0609375 0.0578125
0 0.70390625 0.8765625 0.0703125 0.06875
0 0.76328125 0.9265625 0.0734375 0.06875
0 0.8234375 0.96953125 0.071875 0.0609375