0 0.21171875 0.5671875 0.0703125 0.053125
0 0.1265625 0.60703125 0.06875 0.0515625
0 0.0578125 0.2640625 0.059375 0.075
0 0.046875 0.03203125 0.053125 0.0640625
0 0.42421875 0.0796875 0.0703125 0.034375
0 0.54765625 0.0734375 0.0640625 0.03125
0 0.24765625 0.4984375 0.0640625 0.05
0 0.734375 0.35078125 0.075 0.0578125
0 0.365625 0.55078125 0.078125 0.0546875
0 0.4109375 0.82265625 0.05625 0.0578125
0 0.46640625 0.87265625 0.0671875 0.0640625
0 0.5265625 0.92265625 0.071875 0.0671875
0 0.58671875 0.965625 0.0734375 0.065625
0 0.8390625 0.45546875 0.034375 0.0640625
0 0.81875 0.6546875 0.0375 0.065625
0 0.79296875 0.8328125 0.0390625 0.075
0 0.86015625 0.62890625 0.0359375 0.0765625
0 0.8984375 0.628125 0.0375 0.078125
0 0.8765625 0.80546875 0.034375 0.0734375
0 0.96590625 0.5525625 0.045453125 0.03409375