0 0.21328125 0.5640625 0.0671875 0.059375
0 0.125 0.6078125 0.065625 0.05
0 0.05625 0.265625 0.05625 0.075
0 0.0125 0.16484375 0.025 0.0703125
0 0.0453125 0.034375 0.053125 0.065625
0 0.4203125 0.08046875 0.06875 0.0328125
0 0.54296875 0.07734375 0.0640625 0.0328125
0 0.17265625 0.53359375 0.0640625 0.0515625
0 0.7984375 0.3171875 0.071875 0.05625
0 0.43125 0.51796875 0.075 0.0546875
0 0.40859375 0.821875 0.0578125 0.05625
0 0.46328125 0.8734375 0.0671875 0.065625
0 0.52265625 0.92265625 0.0703125 0.0640625
0 0.58359375 0.96640625 0.0703125 0.0640625
0 0.834375 0.4578125 0.034375 0.065625
0 0.8140625 0.65546875 0.040625 0.0640625
0 0.7875 0.83671875 0.0375 0.0734375
0 0.85625 0.62421875 0.0375 0.0765625
0 0.89453125 0.62734375 0.0390625 0.0796875
0 0.87265625 0.8046875 0.0359375 0.071875