0 0.46328125 0.5640625 0.0671875 0.059375
0 0.375 0.6078125 0.065625 0.05
0 0.30625 0.265625 0.05625 0.075
0 0.24921875 0.16484375 0.0515625 0.0703125
0 0.2953125 0.034375 0.053125 0.065625
0 0.0671875 0.0265625 0.071875 0.04375
0 0.24296875 0.2859375 0.0390625 0.046875
0 0.6703125 0.08046875 0.06875 0.0328125
0 0.79296875 0.07734375 0.0640625 0.0328125
0 0.42265625 0.53359375 0.0640625 0.0515625
0 0.68125 0.51796875 0.075 0.0546875
0 0.04375 0.79296875 0.071875 0.0453125
0 0.20078125 0.9734375 0.0640625 0.034375
0 0.65859375 0.821875 0.0578125 0.05625
0 0.71328125 0.8734375 0.0671875 0.065625
0 0.77265625 0.92265625 0.0703125 0.0640625
0 0.83359375 0.96640625 0.0703125 0.0640625