0 0.22265625 0.53984375 0.0546875 0.0703125
0 0.12734375 0.60703125 0.0671875 0.0515625
0 0.05390625 0.2671875 0.0546875 0.075
0 0.04140625 0.03671875 0.0546875 0.0671875
0 0.41796875 0.08125 0.0734375 0.034375
0 0.5421875 0.07734375 0.065625 0.0328125
0 0.02734375 0.6015625 0.0546875 0.05
0 0.93359375 0.253125 0.0734375 0.05
0 0.5625 0.4484375 0.075 0.05625
0 0.40703125 0.82421875 0.0578125 0.0578125
0 0.46015625 0.87265625 0.0671875 0.0671875
0 0.52265625 0.92578125 0.0734375 0.0671875
0 0.58359375 0.9671875 0.0703125 0.0625
0 0.83125 0.45859375 0.03125 0.0640625
0 0.81328125 0.65625 0.0359375 0.065625
0 0.78515625 0.8359375 0.0390625 0.071875
0 0.85546875 0.60859375 0.0359375 0.0765625
0 0.89375 0.628125 0.0375 0.078125
0 0.86953125 0.80546875 0.0359375 0.0734375
0 0.961640625 0.553984375 0.051140624999999995 0.02840625