0 0.83046875 0.5265625 0.1078125 0.046875
0 0.16875 0.28203125 0.10625 0.0453125
0 0.41640625 0.23828125 0.1078125 0.0484375
0 0.2890625 0.23125 0.084375 0.04375
0 0.16484375 0.22421875 0.1015625 0.0453125
0 0.56171875 0.30546875 0.1015625 0.0421875
0 0.3046875 0.34296875 0.1 0.0484375
0 0.9734375 0.27421875 0.053125 0.0390625
0 0.8421875 0.26171875 0.1 0.0390625
0 0.12890625 0.6328125 0.1046875 0.040625
0 0.25234375 0.6296875 0.0984375 0.040625
0 0.45625 0.6234375 0.090625 0.04375
0 0.575 0.62421875 0.090625 0.0390625
0 0.70078125 0.63125 0.0890625 0.04375
0 0.8390625 0.640625 0.109375 0.04375
0 0.95546875 0.6484375 0.0828125 0.046875
0 0.21023437500000003 0.40695312499999997 0.12215625000000001 0.06392187499999999