0 0.54765625 0.51953125 0.1109375 0.0453125
0 0.2265625 0.28515625 0.10625 0.0421875
0 0.43125 0.23984375 0.103125 0.0484375
0 0.30390625 0.23203125 0.0890625 0.0453125
0 0.178125 0.225 0.103125 0.046875
0 0.7296875 0.3140625 0.1 0.04375
0 0.4015625 0.34765625 0.1 0.0484375
0 0.9796875 0.27890625 0.040625 0.0421875
0 0.85390625 0.2640625 0.1046875 0.04375
0 0.140625 0.6328125 0.103125 0.04375
0 0.26328125 0.6296875 0.1015625 0.040625
0 0.46953125 0.6234375 0.0921875 0.040625
0 0.58359375 0.628125 0.0890625 0.04375
0 0.71171875 0.6359375 0.0859375 0.046875
0 0.84765625 0.6421875 0.1078125 0.046875
0 0.9609375 0.653125 0.078125 0.046875
0 0.31960937500000003 0.41476562499999997 0.11931250000000002 0.0625