0 0.49765625 0.3171875 0.1140625 0.053125
0 0.36328125 0.2953125 0.0921875 0.04375
0 0.22890625 0.2875 0.0953125 0.04375
0 0.12421875 0.2828125 0.0828125 0.040625
0 0.03203125 0.28125 0.0640625 0.040625
0 0.85546875 0.15546875 0.0453125 0.0984375
0 0.86484375 0.03984375 0.0359375 0.0703125
0 0.90390625 0.646875 0.1078125 0.05625
0 0.1109375 0.6609375 0.09375 0.040625
0 0.2078125 0.66328125 0.065625 0.0421875
0 0.30390625 0.67109375 0.1109375 0.0390625
0 0.44609375 0.68125 0.1078125 0.046875
0 0.68359375 0.696875 0.0828125 0.04375