0 0.0546875 0.5359375 0.109375 0.08125
0 0.446875 0.29453125 0.109375 0.0421875
0 0.4484375 0.23359375 0.103125 0.0421875
0 0.3265625 0.2265625 0.09375 0.04375
0 0.1984375 0.21953125 0.103125 0.0453125
0 0.7546875 0.36640625 0.103125 0.0421875
0 0.87109375 0.2625 0.0984375 0.0375
0 0.153125 0.628125 0.109375 0.04375
0 0.275 0.625 0.10625 0.0375
0 0.48359375 0.61953125 0.0953125 0.0421875
0 0.59765625 0.6234375 0.0984375 0.040625
0 0.725 0.6296875 0.0875 0.04375
0 0.8640625 0.63984375 0.109375 0.0484375
0 0.96796875 0.64921875 0.0640625 0.0421875
0 0.785515625 0.443890625 0.12215625000000001 0.055390625000000006