0 0.14765625 0.27890625 0.1046875 0.0453125
0 0.41015625 0.23671875 0.1015625 0.0453125
0 0.28359375 0.2296875 0.0859375 0.040625
0 0.16015625 0.225 0.0984375 0.04375
0 0.41640625 0.296875 0.0984375 0.046875
0 0.24609375 0.33828125 0.0953125 0.0421875
0 0.96875 0.27734375 0.0625 0.0421875
0 0.8328125 0.26484375 0.103125 0.0421875
0 0.125 0.63359375 0.103125 0.0453125
0 0.24765625 0.62890625 0.0953125 0.0421875
0 0.4515625 0.6234375 0.0875 0.040625
0 0.56796875 0.6265625 0.0890625 0.046875
0 0.69375 0.6328125 0.08125 0.04375
0 0.83046875 0.6421875 0.1046875 0.04375
0 0.946875 0.6484375 0.084375 0.046875
0 0.1484375 0.40128125 0.12073437499999999 0.058234375000000005