0 0.153125 0.27734375 0.103125 0.0453125
0 0.41484375 0.23515625 0.1046875 0.0453125
0 0.29140625 0.228125 0.0859375 0.046875
0 0.16484375 0.22109375 0.0984375 0.0453125
0 0.3875 0.29375 0.096875 0.04375
0 0.23671875 0.33515625 0.0953125 0.0421875
0 0.9703125 0.27265625 0.059375 0.0421875
0 0.83828125 0.26171875 0.1015625 0.0390625
0 0.13046875 0.62890625 0.1046875 0.0421875
0 0.253125 0.625 0.09375 0.040625
0 0.4578125 0.6203125 0.090625 0.04375
0 0.56953125 0.625 0.0953125 0.04375
0 0.696875 0.63125 0.084375 0.04375
0 0.8359375 0.640625 0.10625 0.04375
0 0.9515625 0.6484375 0.0875 0.046875
0 0.140625 0.399859375 0.11648437500000001 0.05823437499999997