0 0.63359375 0.52578125 0.1078125 0.0453125
0 0.2 0.2875 0.10625 0.04375
0 0.4234375 0.24140625 0.103125 0.0484375
0 0.2953125 0.23515625 0.0875 0.0453125
0 0.1703125 0.2265625 0.1 0.046875
0 0.67109375 0.31640625 0.0953125 0.0421875
0 0.3609375 0.3484375 0.1 0.04375
0 0.975 0.28125 0.05 0.040625
0 0.84609375 0.26796875 0.1046875 0.0421875
0 0.134375 0.6375 0.10625 0.04375
0 0.25703125 0.63359375 0.1015625 0.0421875
0 0.4625 0.62734375 0.090625 0.0390625
0 0.575 0.63125 0.0875 0.040625
0 0.70234375 0.6375 0.0859375 0.04375
0 0.8390625 0.6453125 0.10625 0.046875
0 0.95625 0.65546875 0.0875 0.0484375
0 0.272015625 0.4140625 0.12357812499999996 0.06676562500000002