0 0.30625 0.5109375 0.1125 0.046875
0 0.3 0.28671875 0.10625 0.0421875
0 0.43984375 0.2359375 0.1015625 0.04375
0 0.3140625 0.2296875 0.090625 0.04375
0 0.18671875 0.22421875 0.1015625 0.0484375
0 0.9140625 0.328125 0.1 0.046875
0 0.528125 0.3546875 0.1 0.0375
0 0.86328125 0.2640625 0.1015625 0.040625
0 0.146875 0.63203125 0.109375 0.0453125
0 0.2703125 0.6265625 0.103125 0.04375
0 0.47578125 0.621875 0.0921875 0.040625
0 0.5890625 0.628125 0.09375 0.040625
0 0.7171875 0.63359375 0.0875 0.0453125
0 0.85625 0.64296875 0.109375 0.0453125
0 0.48224999999999996 0.42542187499999995 0.12073437499999998 0.05823437499999997