0 0.2578125 0.5390625 0.109375 0.05
0 0.475 0.30625 0.1125 0.053125
0 0.3390625 0.2890625 0.0875 0.046875
0 0.20703125 0.28046875 0.0890625 0.0421875
0 0.10078125 0.2765625 0.0859375 0.04375
0 0.8296875 0.15390625 0.04375 0.0859375
0 0.2765625 0.40703125 0.10625 0.0546875
0 0.640625 0.45390625 0.090625 0.0453125
0 0.9671875 0.50625 0.065625 0.059375
0 0.95546875 0.67578125 0.0890625 0.0734375
0 0.09921875 0.653125 0.0890625 0.04375
0 0.190625 0.65703125 0.065625 0.0390625
0 0.2921875 0.665625 0.103125 0.04375
0 0.42890625 0.6765625 0.1078125 0.046875
0 0.67109375 0.6921875 0.0796875 0.046875