0 0.378125 0.5125 0.1125 0.046875
0 0.26796875 0.28515625 0.1015625 0.0421875
0 0.4296875 0.23671875 0.1 0.0453125
0 0.30703125 0.22890625 0.0921875 0.0453125
0 0.18046875 0.221875 0.1015625 0.046875
0 0.84765625 0.3203125 0.1015625 0.046875
0 0.478125 0.35 0.1 0.046875
0 0.98125 0.27578125 0.0375 0.0421875
0 0.85546875 0.26328125 0.0984375 0.0421875
0 0.1421875 0.63046875 0.109375 0.0453125
0 0.2640625 0.62734375 0.103125 0.0390625
0 0.471875 0.6203125 0.090625 0.040625
0 0.5859375 0.62578125 0.09375 0.0390625
0 0.7125 0.6296875 0.0875 0.05
0 0.85078125 0.64140625 0.1109375 0.0453125
0 0.96171875 0.6484375 0.0765625 0.046875
0 0.41832812500000005 0.41618750000000004 0.117890625 0.053984374999999994