0 0.54296875 0.29921875 0.1109375 0.0484375
0 0.46484375 0.23671875 0.1015625 0.0421875
0 0.3421875 0.22890625 0.090625 0.0421875
0 0.21484375 0.2234375 0.1015625 0.046875
0 0.8953125 0.3765625 0.103125 0.04375
0 0.88671875 0.26328125 0.0984375 0.0421875
0 0.171875 0.6328125 0.109375 0.040625
0 0.29296875 0.62890625 0.1078125 0.0390625
0 0.5 0.6234375 0.09375 0.034375
0 0.615625 0.62578125 0.096875 0.0390625
0 0.73984375 0.634375 0.0953125 0.04375
0 0.8796875 0.64453125 0.1125 0.0453125
0 0.975 0.65 0.05 0.04375