0 0.14921875 0.28125 0.1046875 0.04375
0 0.41328125 0.23984375 0.1015625 0.0453125
0 0.28828125 0.23046875 0.0859375 0.0453125
0 0.15859375 0.22421875 0.1015625 0.0421875
0 0.32265625 0.29296875 0.0953125 0.0421875
0 0.20703125 0.33828125 0.0953125 0.0453125
0 0.96953125 0.278125 0.0609375 0.040625
0 0.834375 0.26640625 0.103125 0.0421875
0 0.12734375 0.63359375 0.1015625 0.0421875
0 0.2515625 0.63046875 0.09375 0.0421875
0 0.45390625 0.62578125 0.0859375 0.0421875
0 0.565625 0.628125 0.09375 0.046875
0 0.69375 0.63515625 0.084375 0.0453125
0 0.83203125 0.64375 0.1046875 0.04375
0 0.95 0.65234375 0.08125 0.0484375
0 0.12145312500000001 0.40128125 0.11506250000000003 0.05256249999999998