0 0.49609375 0.31015625 0.1140625 0.0484375
0 0.3609375 0.290625 0.090625 0.04375
0 0.2265625 0.28203125 0.09375 0.0421875
0 0.11796875 0.27890625 0.0859375 0.0453125
0 0.02890625 0.27578125 0.0578125 0.0421875
0 0.85078125 0.15078125 0.0453125 0.1015625
0 0.86171875 0.0375 0.0359375 0.071875
0 0.946875 0.6625 0.103125 0.06875
0 0.1125 0.6546875 0.090625 0.04375
0 0.2046875 0.6578125 0.0625 0.040625
0 0.303125 0.66640625 0.1125 0.0453125
0 0.44296875 0.6765625 0.1015625 0.046875
0 0.68075 0.69140625 0.0828125 0.0453125