0 0.48515625 0.31640625 0.1140625 0.0515625
0 0.3484375 0.29765625 0.09375 0.0453125
0 0.215625 0.28671875 0.09375 0.0453125
0 0.10703125 0.2828125 0.0859375 0.046875
0 0.025 0.28125 0.05 0.040625
0 0.840625 0.15234375 0.040625 0.1015625
0 0.9171875 0.49296875 0.10625 0.0546875
0 0.9546875 0.67734375 0.090625 0.0796875
0 0.103125 0.66171875 0.09375 0.0453125
0 0.1953125 0.66328125 0.0625 0.0421875
0 0.29453125 0.66953125 0.1140625 0.0421875
0 0.43515625 0.6828125 0.1015625 0.046875
0 0.675 0.69296875 0.08125 0.0484375