0 0.14921875 0.27734375 0.1046875 0.0453125
0 0.41015625 0.234375 0.1015625 0.046875
0 0.28515625 0.228125 0.0859375 0.046875
0 0.159375 0.22109375 0.096875 0.0453125
0 0.35 0.290625 0.09375 0.046875
0 0.2171875 0.334375 0.096875 0.04375
0 0.96796875 0.2734375 0.0640625 0.040625
0 0.8328125 0.2625 0.103125 0.040625
0 0.125 0.62734375 0.10625 0.0421875
0 0.24921875 0.6265625 0.0921875 0.040625
0 0.45390625 0.6203125 0.0859375 0.04375
0 0.565625 0.62421875 0.09375 0.0453125
0 0.69296875 0.63046875 0.0859375 0.0421875
0 0.83046875 0.63984375 0.1015625 0.0453125
0 0.95 0.6484375 0.08125 0.046875
0 0.127125 0.39631249999999996 0.117890625 0.05965625